6.573772849845354987e-14 5.794964380564645138e-15 1.769476163845060117e-15 7.404827559008495234e-16 3.922643673662552309e-16 2.441254910500303260e-16 1.633208628468948549e-16 1.151205630991804418e-16 8.656650410896087057e-17 6.869573055937170712e-17 5.667741686072710282e-17 4.754139397749943615e-17 3.755671686164363567e-17 2.714877582265471398e-17 1.794587250911446010e-17
5.794964380564645138e-15 1.126348560382203418e-15 3.069287428053415994e-16 1.277713643195799866e-16 6.771861910720108283e-17 4.163399722514882989e-17 2.839957369097281675e-17 1.967411748662798401e-17 1.463233818685813770e-17 1.180552476045097790e-17 9.709843984119723682e-18 8.125065114011637024e-18 6.378836606126614871e-18 4.785027891543643879e-18 3.063954825297928354e-18
1.769476163845060117e-15 3.069287428053415994e-16 1.066396821625043272e-16 3.876886282538503908e-17 2.055607059532364771e-17 1.276185300469332457e-17 8.643562870996621235e-18 5.989197975531895802e-18 4.504031585922485688e-18 3.574677714892788897e-18 2.971455109694802760e-18 2.473124480586885331e-18 1.952144842695142182e-18 1.449473282714197548e-18 9.289827128024355303e-19
7.404827559008495234e-16 1.277713643195799866e-16 3.876886282538503908e-17 1.953797803150057518e-17 8.674056513846540730e-18 5.316672189816745802e-18 3.605123114926773040e-18 2.477938183075118429e-18 1.889737579785401425e-18 1.493827139544424132e-18 1.232104978251023416e-18 1.031599151978315927e-18 8.046246107586428040e-19 6.061248421846420338e-19 3.885041522274400158e-19
3.922643673662552309e-16 6.771861910720108283e-17 2.055607059532364771e-17 8.674056513846540730e-18 5.883691907563231049e-18 2.806808272989037059e-18 1.921351531264630578e-18 1.327137189651923088e-18 9.994756054134680279e-19 8.035236991390954915e-19 6.525071607158000523e-19 5.474230621457477002e-19 4.304270657423696196e-19 3.278785957313063586e-19 2.079314570094761350e-19
2.441254910500303260e-16 4.163399722514882989e-17 1.276185300469332457e-17 5.316672189816745802e-18 2.806808272989037059e-18 2.327067406591334008e-18 1.199205629912779093e-18 8.229073533387646327e-19 6.177861306364478879e-19 4.820055519222527114e-19 4.087206449370643643e-19 3.384585381677105898e-19 2.672865486238720885e-19 1.986148341839023034e-19 1.271965202704437776e-19
1.633208628468948549e-16 2.839957369097281675e-17 8.643562870996621235e-18 3.605123114926773040e-18 1.921351531264630578e-18 1.199205629912779093e-18 1.104229957914079324e-18 5.546488209691488303e-19 4.217533820402798874e-19 3.313213649975978377e-19 2.757335354124838421e-19 2.302656786908269938e-19 1.819443177716608180e-19 1.371612937276037580e-19 8.814187333980253444e-20
1.151205630991804418e-16 1.967411748662798401e-17 5.989197975531895802e-18 2.477938183075118429e-18 1.327137189651923088e-18 8.229073533387646327e-19 5.546488209691488303e-19 5.633128965496802301e-19 2.866709760135413162e-19 2.329775050122432625e-19 1.881525886951788663e-19 1.579286331143908334e-19 1.287020006110128525e-19 9.383319576709499203e-20 5.847026225544998024e-20
8.656650410896087057e-17 1.463233818685813770e-17 4.504031585922485688e-18 1.889737579785401425e-18 9.994756054134680279e-19 6.177861306364478879e-19 4.217533820402798874e-19 2.866709760135413162e-19 3.337691285283720383e-19 1.748631122851404582e-19 1.431011045817634375e-19 1.192537843858050761e-19 9.425773689211942167e-20 7.146584615330453598e-20 4.529898261255224731e-20
6.869573055937170712e-17 1.180552476045097790e-17 3.574677714892788897e-18 1.493827139544424132e-18 8.035236991390954915e-19 4.820055519222527114e-19 3.313213649975978377e-19 2.329775050122432625e-19 1.748631122851404582e-19 2.083228956739813507e-19 1.142892731039933954e-19 9.629456048592928334e-20 7.477567388074339396e-20 5.601027161884337590e-20 3.563394042015547720e-20
5.667741686072710282e-17 9.709843984119723682e-18 2.971455109694802760e-18 1.232104978251023416e-18 6.525071607158000523e-19 4.087206449370643643e-19 2.757335354124838421e-19 1.881525886951788663e-19 1.431011045817634375e-19 1.142892731039933954e-19 1.416036052018746315e-19 7.810494388369797598e-20 6.215666049287841742e-20 4.648741856345810056e-20 2.951612083779302605e-20
4.754139397749943615e-17 8.125065114011637024e-18 2.473124480586885331e-18 1.031599151978315927e-18 5.474230621457477002e-19 3.384585381677105898e-19 2.302656786908269938e-19 1.579286331143908334e-19 1.192537843858050761e-19 9.629456048592928334e-20 7.810494388369797598e-20 9.794816871889400708e-20 5.187229961060179497e-20 3.847484120231094473e-20 2.473517923926955300e-20
3.755671686164363567e-17 6.378836606126614871e-18 1.952144842695142182e-18 8.046246107586428040e-19 4.304270657423696196e-19 2.672865486238720885e-19 1.819443177716608180e-19 1.287020006110128525e-19 9.425773689211942167e-20 7.477567388074339396e-20 6.215666049287841742e-20 5.187229961060179497e-20 6.394428785906371576e-20 3.075226483302649611e-20 1.971007663934602279e-20
2.714877582265471398e-17 4.785027891543643879e-18 1.449473282714197548e-18 6.061248421846420338e-19 3.278785957313063586e-19 1.986148341839023034e-19 1.371612937276037580e-19 9.383319576709499203e-20 7.146584615330453598e-20 5.601027161884337590e-20 4.648741856345810056e-20 3.847484120231094473e-20 3.075226483302649611e-20 3.950409448614807514e-20 1.451248762782156879e-20
1.794587250911446010e-17 3.063954825297928354e-18 9.289827128024355303e-19 3.885041522274400158e-19 2.079314570094761350e-19 1.271965202704437776e-19 8.814187333980253444e-20 5.847026225544998024e-20 4.529898261255224731e-20 3.563394042015547720e-20 2.951612083779302605e-20 2.473517923926955300e-20 1.971007663934602279e-20 1.451248762782156879e-20 2.155472796966071414e-20
