3.591815872919212607e-14 5.030951771725784604e-15 1.533378006082296893e-15 6.418570135006442098e-16 3.471617734888968823e-16 2.015367695120702098e-16 1.339645171259622789e-16 9.367617088723554559e-17 6.522159242527044173e-17 5.074654490178584811e-17 4.036263914322293809e-17 3.409513095359178594e-17 2.693583257092065835e-17 2.043591347487893976e-17 1.239122466030685773e-17
5.030951771725784604e-15 1.697475659643425914e-15 4.736405147948545000e-16 1.972132647654902480e-16 1.042969752395850230e-16 6.097222679125641328e-17 3.990979616022009548e-17 2.755892854566045376e-17 1.972564438351250918e-17 1.499085694340913116e-17 1.203671563232079130e-17 1.027764164484541983e-17 8.106744608955352030e-18 5.821771958132906027e-18 3.765038303273821308e-18
1.533378006082296893e-15 4.736405147948545000e-16 1.647733782587835337e-16 6.145137115647497304e-17 3.217559292717109973e-17 1.884969346103179510e-17 1.233153635475218541e-17 8.484564139859990394e-18 6.024372037879203899e-18 4.715045704605591194e-18 3.714011122359522118e-18 3.139075874686112466e-18 2.480450723921094502e-18 1.819353412079617950e-18 1.179027275163098280e-18
6.418570135006442098e-16 1.972132647654902480e-16 6.145137115647497304e-17 3.094187246216872597e-17 1.373762846525701955e-17 8.031761542020964322e-18 5.246343472383652869e-18 3.634335295421079538e-18 2.616687509215156901e-18 1.996324685435290342e-18 1.586242703831506464e-18 1.341853286138656441e-18 1.065063815593033538e-18 7.861952633628877449e-19 4.836447989611288321e-19
3.471617734888968823e-16 1.042969752395850230e-16 3.217559292717109973e-17 1.373762846525701955e-17 9.065194765374399050e-18 4.265216067721313750e-18 2.772018812380900613e-18 1.925426093670580521e-18 1.383865581879915205e-18 1.057337291846317775e-18 8.468520793313574658e-19 7.236446275193516410e-19 5.660526123900895660e-19 4.092222116834244004e-19 2.626338120464919460e-19
2.015367695120702098e-16 6.097222679125641328e-17 1.884969346103179510e-17 8.031761542020964322e-18 4.265216067721313750e-18 3.258647704985463906e-18 1.641301648931760005e-18 1.135370159615406887e-18 8.178201667461047312e-19 6.222450172648088360e-19 5.031907290855704567e-19 4.163938429545491173e-19 3.312066121540734725e-19 2.385877866106548043e-19 1.564408293274386339e-19
1.339645171259622789e-16 3.990979616022009548e-17 1.233153635475218541e-17 5.246343472383652869e-18 2.772018812380900613e-18 1.641301648931760005e-18 1.469988341093258929e-18 7.429137243695251013e-19 5.255182446493310309e-19 4.105160594864460982e-19 3.335929045733529876e-19 2.767138655066938932e-19 2.192171819472746226e-19 1.588151921897847982e-19 1.008044231187961402e-19
9.367617088723554559e-17 2.755892854566045376e-17 8.484564139859990394e-18 3.634335295421079538e-18 1.925426093670580521e-18 1.135370159615406887e-18 7.429137243695251013e-19 7.640147521175492470e-19 3.688558620818740453e-19 2.847675972496617549e-19 2.307633388295490425e-19 1.927022347173203836e-19 1.538349495569230546e-19 1.112455737412466997e-19 6.886453051246632593e-20
6.522159242527044173e-17 1.972564438351250918e-17 6.024372037879203899e-18 2.616687509215156901e-18 1.383865581879915205e-18 8.178201667461047312e-19 5.255182446493310309e-19 3.688558620818740453e-19 4.146552188577049349e-19 2.012465222596354437e-19 1.626699366731552300e-19 1.346264560125719514e-19 1.078746643535867507e-19 7.862107667752515923e-20 4.867854848934735130e-20
5.074654490178584811e-17 1.499085694340913116e-17 4.715045704605591194e-18 1.996324685435290342e-18 1.057337291846317775e-18 6.222450172648088360e-19 4.105160594864460982e-19 2.847675972496617549e-19 2.012465222596354437e-19 2.615164585661200889e-19 1.244109286057003452e-19 1.058290369163212374e-19 8.434347542301730364e-20 6.087989462101783402e-20 3.732584571237131011e-20
4.036263914322293809e-17 1.203671563232079130e-17 3.714011122359522118e-18 1.586242703831506464e-18 8.468520793313574658e-19 5.031907290855704567e-19 3.335929045733529876e-19 2.307633388295490425e-19 1.626699366731552300e-19 1.244109286057003452e-19 1.712475711615249084e-19 8.356145704342888596e-20 6.663675148254855409e-20 4.925073743869762119e-20 3.097814366502830338e-20
3.409513095359178594e-17 1.027764164484541983e-17 3.139075874686112466e-18 1.341853286138656441e-18 7.236446275193516410e-19 4.163938429545491173e-19 2.767138655066938932e-19 1.927022347173203836e-19 1.346264560125719514e-19 1.058290369163212374e-19 8.356145704342888596e-20 1.206411347238019452e-19 5.635149890607212350e-20 4.040139738023710666e-20 2.451263802526623834e-20
2.693583257092065835e-17 8.106744608955352030e-18 2.480450723921094502e-18 1.065063815593033538e-18 5.660526123900895660e-19 3.312066121540734725e-19 2.192171819472746226e-19 1.538349495569230546e-19 1.078746643535867507e-19 8.434347542301730364e-20 6.663675148254855409e-20 5.635149890607212350e-20 8.077253442140774927e-20 3.355373206662877056e-20 1.969245701317046811e-20
2.043591347487893976e-17 5.821771958132906027e-18 1.819353412079617950e-18 7.861952633628877449e-19 4.092222116834244004e-19 2.385877866106548043e-19 1.588151921897847982e-19 1.112455737412466997e-19 7.862107667752515923e-20 6.087989462101783402e-20 4.925073743869762119e-20 4.040139738023710666e-20 3.355373206662877056e-20 5.249597378229441588e-20 1.441145695557500403e-20
1.239122466030685773e-17 3.765038303273821308e-18 1.179027275163098280e-18 4.836447989611288321e-19 2.626338120464919460e-19 1.564408293274386339e-19 1.008044231187961402e-19 6.886453051246632593e-20 4.867854848934735130e-20 3.732584571237131011e-20 3.097814366502830338e-20 2.451263802526623834e-20 1.969245701317046811e-20 1.441145695557500403e-20 3.319107643698502548e-20
