2.674503254984506585e-12 3.579022679150833042e-14 1.205374883582103469e-14 6.733039690156288634e-15 4.254811806252635267e-15 2.895164581902567490e-15 1.983019373901695132e-15 1.415798729763685556e-15 1.016080588600155702e-15 7.377959483124099987e-16 5.555081565541762501e-16 4.270631793313982289e-16 3.181209806530089513e-16 2.324603780636676577e-16 1.444840334129768994e-16
3.579022679150833042e-14 1.187871441080667111e-15 3.514784368760537499e-16 1.971434438777776491e-16 1.248116537666862558e-16 8.676978122306868836e-17 5.946376127602011803e-17 4.238409135802377826e-17 3.082681212376172834e-17 2.262815317128156052e-17 1.681958139394550449e-17 1.313283312785152278e-17 9.489233214996995055e-18 6.794193261917724067e-18 4.307093430687888345e-18
1.205374883582103469e-14 3.514784368760537499e-16 1.565549461138850057e-16 7.042299482080168782e-17 4.410478346388425992e-17 3.104750206643340000e-17 2.118434331655308216e-17 1.499983475191229791e-17 1.094724248660319264e-17 8.135262097719114092e-18 6.008341743238032873e-18 4.684992056674958473e-18 3.401756765538939164e-18 2.430264298272552950e-18 1.523837302563439394e-18
6.733039690156288634e-15 1.971434438777776491e-16 7.042299482080168782e-17 5.008274283397967563e-17 2.503453196033738960e-17 1.730822082010275024e-17 1.190556730693068198e-17 8.478851987378828658e-18 6.192705868330306820e-18 4.515928206664014438e-18 3.372446767365915559e-18 2.620795468972396758e-18 1.905562984130932035e-18 1.345949978276378196e-18 8.742772598917577849e-19
4.254811806252635267e-15 1.248116537666862558e-16 4.410478346388425992e-17 2.503453196033738960e-17 1.983116920430277579e-17 1.095611228113870381e-17 7.482169315008270879e-18 5.394434318405501207e-18 3.924142718652176119e-18 2.872141550820102464e-18 2.130764193840971725e-18 1.662900812307559650e-18 1.211564590733736277e-18 8.627088699778464132e-19 5.435017114198616316e-19
2.895164581902567490e-15 8.676978122306868836e-17 3.104750206643340000e-17 1.730822082010275024e-17 1.095611228113870381e-17 9.290780331397069360e-18 5.217386294060754117e-18 3.725050766215617623e-18 2.697061534809050198e-18 1.990517377603125925e-18 1.475906252172872116e-18 1.145213269729486893e-18 8.335963980631610904e-19 5.978848672362436706e-19 3.788882018334189150e-19
1.983019373901695132e-15 5.946376127602011803e-17 2.118434331655308216e-17 1.190556730693068198e-17 7.482169315008270879e-18 5.217386294060754117e-18 4.405278547725835617e-18 2.559936593014147186e-18 1.859406627252194748e-18 1.372846893262212542e-18 1.010212027012643640e-18 7.886635223469728584e-19 5.755669617015694496e-19 4.111528678173557516e-19 2.579516696613270894e-19
1.415798729763685556e-15 4.238409135802377826e-17 1.499983475191229791e-17 8.478851987378828658e-18 5.394434318405501207e-18 3.725050766215617623e-18 2.559936593014147186e-18 2.226111945927581983e-18 1.336782213879117144e-18 9.785667838639052728e-19 7.230033389664091773e-19 5.634074775527970429e-19 4.112331696612390876e-19 2.915075045539518693e-19 1.840427750113723542e-19
1.016080588600155702e-15 3.082681212376172834e-17 1.094724248660319264e-17 6.192705868330306820e-18 3.924142718652176119e-18 2.697061534809050198e-18 1.859406627252194748e-18 1.336782213879117144e-18 1.181721416224388520e-18 7.147073201206687976e-19 5.283076468161634094e-19 4.126033665590289079e-19 2.984226819022182061e-19 2.144608679953400264e-19 1.342912798693402563e-19
7.377959483124099987e-16 2.262815317128156052e-17 8.135262097719114092e-18 4.515928206664014438e-18 2.872141550820102464e-18 1.990517377603125925e-18 1.372846893262212542e-18 9.785667838639052728e-19 7.147073201206687976e-19 6.370344364939453319e-19 3.870690880930940135e-19 3.023378859467318414e-19 2.205020092343349667e-19 1.566219058139207759e-19 9.853251514863373372e-20
5.555081565541762501e-16 1.681958139394550449e-17 6.008341743238032873e-18 3.372446767365915559e-18 2.130764193840971725e-18 1.475906252172872116e-18 1.010212027012643640e-18 7.230033389664091773e-19 5.283076468161634094e-19 3.870690880930940135e-19 3.515206810478430330e-19 2.238260647997876158e-19 1.627210347871425420e-19 1.173856803540290078e-19 7.381363046169428128e-20
4.270631793313982289e-16 1.313283312785152278e-17 4.684992056674958473e-18 2.620795468972396758e-18 1.662900812307559650e-18 1.145213269729486893e-18 7.886635223469728584e-19 5.634074775527970429e-19 4.126033665590289079e-19 3.023378859467318414e-19 2.238260647997876158e-19 2.132030506726335307e-19 1.271702197170502145e-19 9.151814918096346598e-20 5.689146176072999473e-20
3.181209806530089513e-16 9.489233214996995055e-18 3.401756765538939164e-18 1.905562984130932035e-18 1.211564590733736277e-18 8.335963980631610904e-19 5.755669617015694496e-19 4.112331696612390876e-19 2.984226819022182061e-19 2.205020092343349667e-19 1.627210347871425420e-19 1.271702197170502145e-19 1.145155523418208697e-19 6.503578065965179695e-20 4.103740122465018381e-20
2.324603780636676577e-16 6.794193261917724067e-18 2.430264298272552950e-18 1.345949978276378196e-18 8.627088699778464132e-19 5.978848672362436706e-19 4.111528678173557516e-19 2.915075045539518693e-19 2.144608679953400264e-19 1.566219058139207759e-19 1.173856803540290078e-19 9.151814918096346598e-20 6.503578065965179695e-20 6.188502522597198038e-20 2.923769945041122431e-20
1.444840334129768994e-16 4.307093430687888345e-18 1.523837302563439394e-18 8.742772598917577849e-19 5.435017114198616316e-19 3.788882018334189150e-19 2.579516696613270894e-19 1.840427750113723542e-19 1.342912798693402563e-19 9.853251514863373372e-20 7.381363046169428128e-20 5.689146176072999473e-20 4.103740122465018381e-20 2.923769945041122431e-20 2.929796015068594913e-20
