1.151656793256277510e-13 7.890779996783929266e-15 2.060705517616909512e-15 8.814389660443435378e-16 4.928236917355136295e-16 3.164507010904972225e-16 2.206118083813799118e-16 1.673094114632727203e-16 1.281375653953553104e-16 1.012011418840676003e-16 8.522509108677102426e-17 7.141425514559530819e-17 5.571600881983285154e-17 4.335782943561347719e-17 2.793241556176227327e-17
7.890779996783929266e-15 1.098194349787207146e-15 2.552520650966583173e-16 1.093185761493056076e-16 6.094207929642502198e-17 3.804674449843039500e-17 2.694438866308558441e-17 2.042590557589487603e-17 1.576794520623954726e-17 1.255780463449304330e-17 1.036874962605482874e-17 8.675692267549662523e-18 6.800368256055029120e-18 5.218083870671777484e-18 3.440730007957523165e-18
2.060705517616909512e-15 2.552520650966583173e-16 7.726491500132142806e-17 2.857015046151713042e-17 1.599669026728782310e-17 9.932800867932954319e-18 7.079623613548819495e-18 5.358769275620332056e-18 4.138313592642366511e-18 3.272076191000715555e-18 2.737958263960905888e-18 2.280900143288679737e-18 1.792735701508459364e-18 1.372919495206633026e-18 8.902461785751198564e-19
8.814389660443435378e-16 1.093185761493056076e-16 2.857015046151713042e-17 1.528664303482687988e-17 6.833484330462468288e-18 4.329308428306073220e-18 3.047846843448787515e-18 2.309019064238655826e-18 1.798068604120690904e-18 1.413583749468017292e-18 1.185147079817231936e-18 9.829938831718596072e-19 7.871009588845750392e-19 5.866725088059688388e-19 3.739503944876166106e-19
4.928236917355136295e-16 6.094207929642502198e-17 1.599669026728782310e-17 6.833484330462468288e-18 5.172137518386140386e-18 2.422417464762125165e-18 1.678033557152908897e-18 1.293095395607558857e-18 1.008424525264621475e-18 8.039678378831346256e-19 6.642059333252588109e-19 5.535140769203284792e-19 4.364405322663531433e-19 3.291225150146433395e-19 2.188639282384570035e-19
3.164507010904972225e-16 3.804674449843039500e-17 9.932800867932954319e-18 4.329308428306073220e-18 2.422417464762125165e-18 2.153230084711495719e-18 1.079126034768174378e-18 8.059747144555929500e-19 6.320132530071440015e-19 5.062315693660981296e-19 4.146459936589427504e-19 3.492701050612970265e-19 2.794677683008818669e-19 2.056605234563978430e-19 1.365373935662644184e-19
2.206118083813799118e-16 2.694438866308558441e-17 7.079623613548819495e-18 3.047846843448787515e-18 1.678033557152908897e-18 1.079126034768174378e-18 1.091687048105832820e-18 5.665144309747103505e-19 4.413822723865269542e-19 3.496406987334099849e-19 2.937444902026734391e-19 2.464970321997700438e-19 1.917238884109351645e-19 1.429787219558330681e-19 9.409508289146832472e-20
1.673094114632727203e-16 2.042590557589487603e-17 5.358769275620332056e-18 2.309019064238655826e-18 1.293095395607558857e-18 8.059747144555929500e-19 5.665144309747103505e-19 6.401991201699225578e-19 3.335869456657282932e-19 2.662745991405664613e-19 2.220153904436798835e-19 1.858070972885898661e-19 1.472574114163316282e-19 1.105240280267111648e-19 7.352773064059393447e-20
1.281375653953553104e-16 1.576794520623954726e-17 4.138313592642366511e-18 1.798068604120690904e-18 1.008424525264621475e-18 6.320132530071440015e-19 4.413822723865269542e-19 3.335869456657282932e-19 3.847005464706997438e-19 2.062726067982229736e-19 1.749596341128581287e-19 1.448094184385422946e-19 1.143133046802168868e-19 8.478958342108223662e-20 5.518342140233553584e-20
1.012011418840676003e-16 1.255780463449304330e-17 3.272076191000715555e-18 1.413583749468017292e-18 8.039678378831346256e-19 5.062315693660981296e-19 3.496406987334099849e-19 2.662745991405664613e-19 2.062726067982229736e-19 2.465898422361710601e-19 1.380055994064729990e-19 1.160482255668189547e-19 9.077541417523182435e-20 6.758815671737401150e-20 4.509531244853629303e-20
8.522509108677102426e-17 1.036874962605482874e-17 2.737958263960905888e-18 1.185147079817231936e-18 6.642059333252588109e-19 4.146459936589427504e-19 2.937444902026734391e-19 2.220153904436798835e-19 1.749596341128581287e-19 1.380055994064729990e-19 1.659655068169557769e-19 9.443118889628183383e-20 7.567253374210815890e-20 5.640767474178959099e-20 3.698732590123261495e-20
7.141425514559530819e-17 8.675692267549662523e-18 2.280900143288679737e-18 9.829938831718596072e-19 5.535140769203284792e-19 3.492701050612970265e-19 2.464970321997700438e-19 1.858070972885898661e-19 1.448094184385422946e-19 1.160482255668189547e-19 9.443118889628183383e-20 1.150124603194172346e-19 6.278526457235873162e-20 4.677478098790839562e-20 3.051763812239049136e-20
5.571600881983285154e-17 6.800368256055029120e-18 1.792735701508459364e-18 7.871009588845750392e-19 4.364405322663531433e-19 2.794677683008818669e-19 1.917238884109351645e-19 1.472574114163316282e-19 1.143133046802168868e-19 9.077541417523182435e-20 7.567253374210815890e-20 6.278526457235873162e-20 7.414121463876810373e-20 3.685917487942361354e-20 2.460639694446314792e-20
4.335782943561347719e-17 5.218083870671777484e-18 1.372919495206633026e-18 5.866725088059688388e-19 3.291225150146433395e-19 2.056605234563978430e-19 1.429787219558330681e-19 1.105240280267111648e-19 8.478958342108223662e-20 6.758815671737401150e-20 5.640767474178959099e-20 4.677478098790839562e-20 3.685917487942361354e-20 4.522557686249864370e-20 1.800458479770204630e-20
2.793241556176227327e-17 3.440730007957523165e-18 8.902461785751198564e-19 3.739503944876166106e-19 2.188639282384570035e-19 1.365373935662644184e-19 9.409508289146832472e-20 7.352773064059393447e-20 5.518342140233553584e-20 4.509531244853629303e-20 3.698732590123261495e-20 3.051763812239049136e-20 2.460639694446314792e-20 1.800458479770204630e-20 2.521810256389648114e-20
