2.537722424338647695e-11 2.286498050464370418e-13 8.563225480766547638e-14 4.003144267332771333e-14 2.175870077760336858e-14 1.312812279202024784e-14 8.140679172201813074e-15 5.324130767804801119e-15 3.802537505475946717e-15 2.703589155374641061e-15 2.019778716604299018e-15 1.504266114196108332e-15 1.116794674473919801e-15 7.781470687493302257e-16 5.193662515934397469e-16
2.286498050464370418e-13 7.264840729109563588e-15 2.428828385975580299e-15 1.166224103088305540e-15 6.386057227684006722e-16 3.794897243808646186e-16 2.369917371790393821e-16 1.584216137293643837e-16 1.114821160918600645e-16 7.797635235993575242e-17 5.826248898056757971e-17 4.393396973697962998e-17 3.234893604865761226e-17 2.267956799398340495e-17 1.401369731712739131e-17
8.563225480766547638e-14 2.428828385975580299e-15 1.068223362560693792e-15 4.467207024046039985e-16 2.452471499449795273e-16 1.454925274436934377e-16 9.034662815573861303e-17 6.109325958214591529e-17 4.236815153488839409e-17 2.993652819233160371e-17 2.231790795795431121e-17 1.682779615465695195e-17 1.231556087820439518e-17 8.746701485115789269e-18 5.374542585751173577e-18
4.003144267332771333e-14 1.166224103088305540e-15 4.467207024046039985e-16 2.482140167605741586e-16 1.172846761120087781e-16 6.940267441330498061e-17 4.337265956355400035e-17 2.914011948318009575e-17 2.059747396008363084e-17 1.445243436540684300e-17 1.076872338672213052e-17 8.074712583129262333e-18 5.916574809843270391e-18 4.197756099882561849e-18 2.558388869273614815e-18
2.175870077760336858e-14 6.386057227684006722e-16 2.452471499449795273e-16 1.172846761120087781e-16 7.441190907018126103e-17 3.803041234346563256e-17 2.387063273460602551e-17 1.603210067767224522e-17 1.129741961201188082e-17 7.877267167921840705e-18 5.869798241330299094e-18 4.461543765236412669e-18 3.258126592662625046e-18 2.300105098255329808e-18 1.399285088417316889e-18
1.312812279202024784e-14 3.794897243808646186e-16 1.454925274436934377e-16 6.940267441330498061e-17 3.803041234346563256e-17 2.662139818182757006e-17 1.416145232090555483e-17 9.559450917303025577e-18 6.682605580599375257e-18 4.706085482313366502e-18 3.508825701403476086e-18 2.643356293983416928e-18 1.933918880830767545e-18 1.372190102807563477e-18 8.334840872351323643e-19
8.140679172201813074e-15 2.369917371790393821e-16 9.034662815573861303e-17 4.337265956355400035e-17 2.387063273460602551e-17 1.416145232090555483e-17 1.047932841024704864e-17 5.975246171813470157e-18 4.159806444680742209e-18 2.927270284386261679e-18 2.168141467263378885e-18 1.640525556363366273e-18 1.212966365710410442e-18 8.479685072208808625e-19 5.162449859658419820e-19
5.324130767804801119e-15 1.584216137293643837e-16 6.109325958214591529e-17 2.914011948318009575e-17 1.603210067767224522e-17 9.559450917303025577e-18 5.975246171813470157e-18 4.797407077158845711e-18 2.823510837270175664e-18 1.973571212689304905e-18 1.475550690323101654e-18 1.126126286967140419e-18 8.103474116632226107e-19 5.739136704923815650e-19 3.468355411976155967e-19
3.802537505475946717e-15 1.114821160918600645e-16 4.236815153488839409e-17 2.059747396008363084e-17 1.129741961201188082e-17 6.682605580599375257e-18 4.159806444680742209e-18 2.823510837270175664e-18 2.375061429306521274e-18 1.381345304346452944e-18 1.040312452466722610e-18 7.799693345720272472e-19 5.664716666002943320e-19 4.018406251462844002e-19 2.430250232617506387e-19
2.703589155374641061e-15 7.797635235993575242e-17 2.993652819233160371e-17 1.445243436540684300e-17 7.877267167921840705e-18 4.706085482313366502e-18 2.927270284386261679e-18 1.973571212689304905e-18 1.381345304346452944e-18 1.193530263395190114e-18 7.212903404019826552e-19 5.464669698493569580e-19 3.961388943850374367e-19 2.814735812197452178e-19 1.713156278792163329e-19
2.019778716604299018e-15 5.826248898056757971e-17 2.231790795795431121e-17 1.076872338672213052e-17 5.869798241330299094e-18 3.508825701403476086e-18 2.168141467263378885e-18 1.475550690323101654e-18 1.040312452466722610e-18 7.212903404019826552e-19 6.713954210821050824e-19 4.070539730817973657e-19 2.946756719516755737e-19 2.099693236394538749e-19 1.273777855169044663e-19
1.504266114196108332e-15 4.393396973697962998e-17 1.682779615465695195e-17 8.074712583129262333e-18 4.461543765236412669e-18 2.643356293983416928e-18 1.640525556363366273e-18 1.126126286967140419e-18 7.799693345720272472e-19 5.464669698493569580e-19 4.070539730817973657e-19 3.892572909179023285e-19 2.241541997089065301e-19 1.579285005741402227e-19 9.754582901663300770e-20
1.116794674473919801e-15 3.234893604865761226e-17 1.231556087820439518e-17 5.916574809843270391e-18 3.258126592662625046e-18 1.933918880830767545e-18 1.212966365710410442e-18 8.103474116632226107e-19 5.664716666002943320e-19 3.961388943850374367e-19 2.946756719516755737e-19 2.241541997089065301e-19 2.170394427904292524e-19 1.150735947470521074e-19 6.997250932005456202e-20
7.781470687493302257e-16 2.267956799398340495e-17 8.746701485115789269e-18 4.197756099882561849e-18 2.300105098255329808e-18 1.372190102807563477e-18 8.479685072208808625e-19 5.739136704923815650e-19 4.018406251462844002e-19 2.814735812197452178e-19 2.099693236394538749e-19 1.579285005741402227e-19 1.150735947470521074e-19 1.156714326955622993e-19 4.923212593360358988e-20
5.193662515934397469e-16 1.401369731712739131e-17 5.374542585751173577e-18 2.558388869273614815e-18 1.399285088417316889e-18 8.334840872351323643e-19 5.162449859658419820e-19 3.468355411976155967e-19 2.430250232617506387e-19 1.713156278792163329e-19 1.273777855169044663e-19 9.754582901663300770e-20 6.997250932005456202e-20 4.923212593360358988e-20 5.496919313191808587e-20
