3.081723712349119451e-13 1.243696313379299891e-14 3.245343249060733496e-15 1.526031997349580894e-15 8.990659474232294111e-16 6.045194546882946387e-16 4.698931919227046341e-16 3.585277427396945896e-16 2.923182236765685961e-16 2.299913930801994173e-16 1.838655764424458972e-16 1.498957208653724373e-16 1.159307675106760759e-16 8.349771792748965848e-17 5.551258319392533330e-17
1.243696313379299891e-14 9.036958341199150544e-16 2.110459037149721311e-16 9.903239610541474215e-17 5.853211337641820490e-17 4.063716815303333485e-17 3.132957791809877989e-17 2.360733999028613135e-17 1.900921415018418792e-17 1.523237980012975106e-17 1.240385102227099932e-17 9.819381656026592961e-18 7.728337821282823004e-18 5.571375309026202553e-18 3.557302399743261442e-18
3.245343249060733496e-15 2.110459037149721311e-16 6.762726671640524705e-17 2.635980505954601873e-17 1.544361239703580473e-17 1.067710304383531807e-17 8.202775769640621131e-18 6.286837210213637166e-18 5.061541759270655250e-18 4.017284942844072075e-18 3.272078497483246944e-18 2.626185938601239968e-18 2.028898368378175865e-18 1.471505114891103634e-18 9.537703080610400431e-19
1.526031997349580894e-15 9.903239610541474215e-17 2.635980505954601873e-17 1.638982447907695902e-17 7.353969963194345096e-18 5.109035450027532052e-18 3.896571558372281702e-18 3.003427647104604340e-18 2.355173265389940898e-18 1.899946809391058117e-18 1.567468685470764052e-18 1.233826957344907119e-18 9.678498164438877655e-19 7.008904886473490037e-19 4.528584138778347192e-19
8.990659474232294111e-16 5.853211337641820490e-17 1.544361239703580473e-17 7.353969963194345096e-18 6.131687130022271988e-18 3.039535538119311902e-18 2.331610905901498837e-18 1.776698073104433580e-18 1.405270886604347787e-18 1.107060247477276769e-18 9.108792018059233309e-19 7.423076121787907759e-19 5.818175012818531196e-19 4.118043792111904882e-19 2.598999357819618590e-19
6.045194546882946387e-16 4.063716815303333485e-17 1.067710304383531807e-17 5.109035450027532052e-18 3.039535538119311902e-18 2.963469734262988187e-18 1.612402952887031051e-18 1.240325654179892919e-18 9.737302941507174773e-19 7.799201335594265178e-19 6.357055243850250832e-19 5.087280978766249420e-19 3.956892255504290775e-19 2.883390052637805255e-19 1.815947701532644582e-19
4.698931919227046341e-16 3.132957791809877989e-17 8.202775769640621131e-18 3.896571558372281702e-18 2.331610905901498837e-18 1.612402952887031051e-18 1.719131572077339022e-18 9.501815647415962223e-19 7.479021210595938508e-19 6.015327243108479796e-19 4.936393059284342753e-19 3.919177634390506669e-19 3.053071975806660486e-19 2.223168080679436431e-19 1.419267072375071627e-19
3.585277427396945896e-16 2.360733999028613135e-17 6.286837210213637166e-18 3.003427647104604340e-18 1.776698073104433580e-18 1.240325654179892919e-18 9.501815647415962223e-19 9.955032178629375999e-19 5.780289312206114925e-19 4.619283172082340469e-19 3.769409760612239925e-19 3.003414385232843713e-19 2.310777897698588141e-19 1.700442707194805003e-19 1.071674638276198363e-19
2.923182236765685961e-16 1.900921415018418792e-17 5.061541759270655250e-18 2.355173265389940898e-18 1.405270886604347787e-18 9.737302941507174773e-19 7.479021210595938508e-19 5.780289312206114925e-19 6.276736904454012958e-19 3.695097855496342478e-19 3.000308787363101970e-19 2.378239758789316639e-19 1.854588636115324024e-19 1.346197503591549297e-19 8.618217528349198714e-20
2.299913930801994173e-16 1.523237980012975106e-17 4.017284942844072075e-18 1.899946809391058117e-18 1.107060247477276769e-18 7.799201335594265178e-19 6.015327243108479796e-19 4.619283172082340469e-19 3.695097855496342478e-19 3.912904806092775580e-19 2.378284575451134135e-19 1.915551253262801748e-19 1.500225665878109422e-19 1.065571289279031609e-19 6.907503612226358182e-20
1.838655764424458972e-16 1.240385102227099932e-17 3.272078497483246944e-18 1.567468685470764052e-18 9.108792018059233309e-19 6.357055243850250832e-19 4.936393059284342753e-19 3.769409760612239925e-19 3.000308787363101970e-19 2.378284575451134135e-19 2.573805017397136169e-19 1.566581788354543562e-19 1.212473322654876076e-19 8.740707305562651873e-20 5.659487217454314488e-20
1.498957208653724373e-16 9.819381656026592961e-18 2.626185938601239968e-18 1.233826957344907119e-18 7.423076121787907759e-19 5.087280978766249420e-19 3.919177634390506669e-19 3.003414385232843713e-19 2.378239758789316639e-19 1.915551253262801748e-19 1.566581788354543562e-19 1.627650413144943607e-19 9.581030540149790518e-20 7.065408659416460601e-20 4.488662358241082988e-20
1.159307675106760759e-16 7.728337821282823004e-18 2.028898368378175865e-18 9.678498164438877655e-19 5.818175012818531196e-19 3.956892255504290775e-19 3.053071975806660486e-19 2.310777897698588141e-19 1.854588636115324024e-19 1.500225665878109422e-19 1.212473322654876076e-19 9.581030540149790518e-20 9.926060375202417292e-20 5.401498551489482020e-20 3.511464785282269919e-20
8.349771792748965848e-17 5.571375309026202553e-18 1.471505114891103634e-18 7.008904886473490037e-19 4.118043792111904882e-19 2.883390052637805255e-19 2.223168080679436431e-19 1.700442707194805003e-19 1.346197503591549297e-19 1.065571289279031609e-19 8.740707305562651873e-20 7.065408659416460601e-20 5.401498551489482020e-20 5.554994177333572708e-20 2.481530451279741937e-20
5.551258319392533330e-17 3.557302399743261442e-18 9.537703080610400431e-19 4.528584138778347192e-19 2.598999357819618590e-19 1.815947701532644582e-19 1.419267072375071627e-19 1.071674638276198363e-19 8.618217528349198714e-20 6.907503612226358182e-20 5.659487217454314488e-20 4.488662358241082988e-20 3.511464785282269919e-20 2.481530451279741937e-20 2.818924815741919706e-20
