6.565248692337482600e-14 5.788021823403346508e-15 1.782845132489843670e-15 7.390362792625211098e-16 3.898478861100394109e-16 2.453672405426468019e-16 1.645832957925447895e-16 1.146220270846146473e-16 8.633832353478069477e-17 6.927610158476834817e-17 5.733627866716729047e-17 4.989423955937627135e-17 3.993663147874852769e-17 2.721041294042300217e-17 1.830427679050928391e-17
5.788021823403346508e-15 1.128272471845899453e-15 3.077755805150088289e-16 1.274772842690429135e-16 6.760410668104956489e-17 4.156599805374203661e-17 2.876253157331141090e-17 1.971301740584603948e-17 1.469347626984012996e-17 1.191495475289373314e-17 9.830811702418483387e-18 8.373774553926778201e-18 6.665353679761582826e-18 4.898388740236449394e-18 3.108160747828705475e-18
1.782845132489843670e-15 3.077755805150088289e-16 1.076680271498789941e-16 3.867758049357334980e-17 2.044972938767337477e-17 1.273247996317896621e-17 8.746694085634724382e-18 6.019810346115404465e-18 4.521161905924537895e-18 3.612133101961853857e-18 3.025513906668929054e-18 2.563298030850348848e-18 2.039953083739046634e-18 1.477393303732586440e-18 9.307327803997880343e-19
7.390362792625211098e-16 1.274772842690429135e-16 3.867758049357334980e-17 1.982217587587552389e-17 8.607238994971024975e-18 5.298351095560457928e-18 3.643654627953825062e-18 2.481691038679882634e-18 1.900465095727113521e-18 1.490840467631342878e-18 1.256469669202376007e-18 1.057743366765703638e-18 8.438757490749075608e-19 6.177612142127657861e-19 3.889534562194283144e-19
3.898478861100394109e-16 6.760410668104956489e-17 2.044972938767337477e-17 8.607238994971024975e-18 6.003883750297110823e-18 2.791913388964440365e-18 1.932368819031196418e-18 1.321927370937785029e-18 9.919641347551941481e-19 8.069335673707764021e-19 6.636691109859020359e-19 5.550972202027319390e-19 4.522074571965937002e-19 3.376090108731439414e-19 2.082456982534014039e-19
2.453672405426468019e-16 4.156599805374203661e-17 1.273247996317896621e-17 5.298351095560457928e-18 2.791913388964440365e-18 2.410614490121186513e-18 1.212741500048032566e-18 8.176902435387106609e-19 6.166505097136353428e-19 4.819455103689967461e-19 4.129772506048946530e-19 3.450961873112044386e-19 2.792369352540462686e-19 2.018015521808338129e-19 1.246453439305193230e-19
1.645832957925447895e-16 2.876253157331141090e-17 8.746694085634724382e-18 3.643654627953825062e-18 1.932368819031196418e-18 1.212741500048032566e-18 1.182084739298299847e-18 5.621622321519549194e-19 4.269054248262032698e-19 3.384131850274173073e-19 2.809518514876237046e-19 2.410009714877856512e-19 1.908221195396840084e-19 1.407986074714943166e-19 8.981691643543534353e-20
1.146220270846146473e-16 1.971301740584603948e-17 6.019810346115404465e-18 2.481691038679882634e-18 1.321927370937785029e-18 8.176902435387106609e-19 5.621622321519549194e-19 6.103245392883530455e-19 2.873919751257175869e-19 2.310149477123363510e-19 1.923862116888433190e-19 1.627509939147750327e-19 1.355449649315489759e-19 9.605240100650612149e-20 5.945880060791327798e-20
8.633832353478069477e-17 1.469347626984012996e-17 4.521161905924537895e-18 1.900465095727113521e-18 9.919641347551941481e-19 6.166505097136353428e-19 4.269054248262032698e-19 2.873919751257175869e-19 3.674760856421889094e-19 1.765828959044209493e-19 1.456963400871904071e-19 1.240398024038062351e-19 9.984220792982140751e-20 7.300195945726216462e-20 4.502132078990954648e-20
6.927610158476834817e-17 1.191495475289373314e-17 3.612133101961853857e-18 1.490840467631342878e-18 8.069335673707764021e-19 4.819455103689967461e-19 3.384131850274173073e-19 2.310149477123363510e-19 1.765828959044209493e-19 2.402797966475565824e-19 1.168958771358970382e-19 9.971723680252052322e-20 7.939314186234606257e-20 5.850020844961104345e-20 3.773703852502161562e-20
5.733627866716729047e-17 9.830811702418483387e-18 3.025513906668929054e-18 1.256469669202376007e-18 6.636691109859020359e-19 4.129772506048946530e-19 2.809518514876237046e-19 1.923862116888433190e-19 1.456963400871904071e-19 1.168958771358970382e-19 1.647789261793336735e-19 8.244086228929516536e-20 6.487268746335925154e-20 4.843292105605894306e-20 3.023283166022106128e-20
4.989423955937627135e-17 8.373774553926778201e-18 2.563298030850348848e-18 1.057743366765703638e-18 5.550972202027319390e-19 3.450961873112044386e-19 2.410009714877856512e-19 1.627509939147750327e-19 1.240398024038062351e-19 9.971723680252052322e-20 8.244086228929516536e-20 1.176994639839262778e-19 5.636184709203803038e-20 3.986281564573625705e-20 2.653803136378665117e-20
3.993663147874852769e-17 6.665353679761582826e-18 2.039953083739046634e-18 8.438757490749075608e-19 4.522074571965937002e-19 2.792369352540462686e-19 1.908221195396840084e-19 1.355449649315489759e-19 9.984220792982140751e-20 7.939314186234606257e-20 6.487268746335925154e-20 5.636184709203803038e-20 8.082575724158208404e-20 3.253866252573139892e-20 2.124704983934969059e-20
2.721041294042300217e-17 4.898388740236449394e-18 1.477393303732586440e-18 6.177612142127657861e-19 3.376090108731439414e-19 2.018015521808338129e-19 1.407986074714943166e-19 9.605240100650612149e-20 7.300195945726216462e-20 5.850020844961104345e-20 4.843292105605894306e-20 3.986281564573625705e-20 3.253866252573139892e-20 5.088513025910323350e-20 1.532073676915644146e-20
1.830427679050928391e-17 3.108160747828705475e-18 9.307327803997880343e-19 3.889534562194283144e-19 2.082456982534014039e-19 1.246453439305193230e-19 8.981691643543534353e-20 5.945880060791327798e-20 4.502132078990954648e-20 3.773703852502161562e-20 3.023283166022106128e-20 2.653803136378665117e-20 2.124704983934969059e-20 1.532073676915644146e-20 3.028317557525201447e-20
