4.175538861722214043e-14 4.934723549147887437e-15 1.446618269578973242e-15 6.485614902730591334e-16 3.443659015442052912e-16 2.103007335848513054e-16 1.410715325928093503e-16 9.700640203498486643e-17 7.050942095049069431e-17 5.298323338560240366e-17 4.315913100722126861e-17 3.596705362054812506e-17 2.885416967690844321e-17 2.197485701046208544e-17 1.294879437431901530e-17
4.934723549147887437e-15 1.525005042078099645e-15 3.832816385833801412e-16 1.678701005777462565e-16 8.866463624406908340e-17 5.384200912430179660e-17 3.511982957546481963e-17 2.484860948664094527e-17 1.811823160959854910e-17 1.361240338897718675e-17 1.119870119945595322e-17 8.951377524474737185e-18 7.263354054216334943e-18 5.383564096807713990e-18 3.419425847416201908e-18
1.446618269578973242e-15 3.832816385833801412e-16 1.259369683078058042e-16 4.806171149665184356e-17 2.552097509137694173e-17 1.538163104638541272e-17 1.020760909043577659e-17 7.082547117147227278e-18 5.236415097661780980e-18 3.954929855528531925e-18 3.201156958354015362e-18 2.576477314028895755e-18 2.077493158492575399e-18 1.552056537209766808e-18 9.762378350783074649e-19
6.485614902730591334e-16 1.678701005777462565e-16 4.806171149665184356e-17 2.569636720056351618e-17 1.129474994093514822e-17 6.765980129010569544e-18 4.507019550175795712e-18 3.150047181526569361e-18 2.323373552778494013e-18 1.751707086708505112e-18 1.444536845926065652e-18 1.124992137747646693e-18 9.369845900860329342e-19 6.886913935398576387e-19 4.339250705737396002e-19
3.443659015442052912e-16 8.866463624406908340e-17 2.552097509137694173e-17 1.129474994093514822e-17 7.636308830052955932e-18 3.615742194934638919e-18 2.407443534598550622e-18 1.693786248043795942e-18 1.227822081754123548e-18 9.296215040369378541e-19 7.626367241545810340e-19 6.089193229825978726e-19 4.983344180345017525e-19 3.660232887432860416e-19 2.293749874633013846e-19
2.103007335848513054e-16 5.384200912430179660e-17 1.538163104638541272e-17 6.765980129010569544e-18 3.615742194934638919e-18 2.969667552181156847e-18 1.452727782156644566e-18 1.015392141261893973e-18 7.575749993105776426e-19 5.555418688318037728e-19 4.574664286058278594e-19 3.597698209962272943e-19 3.027763240830034138e-19 2.198143618027274503e-19 1.345008969492762926e-19
1.410715325928093503e-16 3.511982957546481963e-17 1.020760909043577659e-17 4.507019550175795712e-18 2.407443534598550622e-18 1.452727782156644566e-18 1.367990702949863537e-18 6.733909600780939035e-19 4.960231635518070966e-19 3.699438152829074679e-19 3.044998390914640426e-19 2.422858764103630377e-19 1.976384167906335719e-19 1.494734239227798275e-19 9.193877309585518146e-20
9.700640203498486643e-17 2.484860948664094527e-17 7.082547117147227278e-18 3.150047181526569361e-18 1.693786248043795942e-18 1.015392141261893973e-18 6.733909600780939035e-19 7.040669561361318143e-19 3.495166318956743668e-19 2.581102654982885127e-19 2.068737927590256541e-19 1.677368408792157610e-19 1.409751471895072397e-19 1.040677093316713444e-19 6.286171748957871155e-20
7.050942095049069431e-17 1.811823160959854910e-17 5.236415097661780980e-18 2.323373552778494013e-18 1.227822081754123548e-18 7.575749993105776426e-19 4.960231635518070966e-19 3.495166318956743668e-19 3.984660580371580409e-19 1.940939107866353361e-19 1.595710088750456736e-19 1.220449042199396842e-19 1.026866323694350542e-19 7.524684601841683313e-20 4.728548673056066270e-20
5.298323338560240366e-17 1.361240338897718675e-17 3.954929855528531925e-18 1.751707086708505112e-18 9.296215040369378541e-19 5.555418688318037728e-19 3.699438152829074679e-19 2.581102654982885127e-19 1.940939107866353361e-19 2.395210181113500660e-19 1.176377386426006832e-19 9.384698635580267536e-20 7.550801134411527600e-20 5.720383406152399811e-20 3.474024303118748550e-20
4.315913100722126861e-17 1.119870119945595322e-17 3.201156958354015362e-18 1.444536845926065652e-18 7.626367241545810340e-19 4.574664286058278594e-19 3.044998390914640426e-19 2.068737927590256541e-19 1.595710088750456736e-19 1.176377386426006832e-19 1.648157864188708794e-19 7.734101114748208468e-20 6.346797444237513177e-20 4.754185378468240006e-20 2.911623817271350992e-20
3.596705362054812506e-17 8.951377524474737185e-18 2.576477314028895755e-18 1.124992137747646693e-18 6.089193229825978726e-19 3.597698209962272943e-19 2.422858764103630377e-19 1.677368408792157610e-19 1.220449042199396842e-19 9.384698635580267536e-20 7.734101114748208468e-20 1.099511278814970538e-19 4.837751924371754543e-20 3.728020176174068760e-20 2.353440189021861400e-20
2.885416967690844321e-17 7.263354054216334943e-18 2.077493158492575399e-18 9.369845900860329342e-19 4.983344180345017525e-19 3.027763240830034138e-19 1.976384167906335719e-19 1.409751471895072397e-19 1.026866323694350542e-19 7.550801134411527600e-20 6.346797444237513177e-20 4.837751924371754543e-20 7.615758479920802364e-20 2.943825010959115875e-20 1.816996342693922520e-20
2.197485701046208544e-17 5.383564096807713990e-18 1.552056537209766808e-18 6.886913935398576387e-19 3.660232887432860416e-19 2.198143618027274503e-19 1.494734239227798275e-19 1.040677093316713444e-19 7.524684601841683313e-20 5.720383406152399811e-20 4.754185378468240006e-20 3.728020176174068760e-20 2.943825010959115875e-20 4.969923762557317454e-20 1.395978162827691710e-20
1.294879437431901530e-17 3.419425847416201908e-18 9.762378350783074649e-19 4.339250705737396002e-19 2.293749874633013846e-19 1.345008969492762926e-19 9.193877309585518146e-20 6.286171748957871155e-20 4.728548673056066270e-20 3.474024303118748550e-20 2.911623817271350992e-20 2.353440189021861400e-20 1.816996342693922520e-20 1.395978162827691710e-20 3.178227321706388623e-20
