2.199968352960933036e-14 3.715028113845304343e-15 1.120817799788481088e-15 4.870329535461803398e-16 2.902686062590448679e-16 1.850413137852549880e-16 1.199640749849776101e-16 8.097267958874128106e-17 5.637177735460569231e-17 4.381995993989616738e-17 3.369621324899203715e-17 2.596127864914705593e-17 1.954549540521507082e-17 1.411680631977182033e-17 8.351934720865136359e-18
3.715028113845304343e-15 1.863025037951837762e-15 5.116516010116454300e-16 2.272142566368584440e-16 1.362430810427280874e-16 8.441668361404348836e-17 5.288339121323521932e-17 3.555651518498436695e-17 2.587377497789664750e-17 1.937260569658973132e-17 1.484130592647167547e-17 1.170020514943679267e-17 8.836901813726274577e-18 6.428844877145819797e-18 4.042544254710238612e-18
1.120817799788481088e-15 5.116516010116454300e-16 1.865913799170674118e-16 7.103726453882896005e-17 4.221167918931371618e-17 2.620894997709799308e-17 1.641470855693828751e-17 1.117246617529340045e-17 8.049083068826815524e-18 5.987248130249624160e-18 4.643817050739286975e-18 3.640060885621794098e-18 2.765220847215037159e-18 2.006185161409229031e-18 1.238791126696742554e-18
4.870329535461803398e-16 2.272142566368584440e-16 7.103726453882896005e-17 3.854158702956724637e-17 1.900619845085195165e-17 1.172660148288235671e-17 7.277289149666747483e-18 4.956205806678167437e-18 3.576580425511224492e-18 2.655035374615431845e-18 2.080891333288610638e-18 1.625616556360626011e-18 1.238790874257225571e-18 8.896976147368762664e-19 5.522142193045218176e-19
2.902686062590448679e-16 1.362430810427280874e-16 4.221167918931371618e-17 1.900619845085195165e-17 1.357986654219749471e-17 6.996327410719007623e-18 4.379269310635628873e-18 2.958045780847338715e-18 2.140097740416116362e-18 1.586496037911088574e-18 1.229898659006758241e-18 9.702990623939353071e-19 7.349982163529605238e-19 5.291570914336384554e-19 3.374482380609653904e-19
1.850413137852549880e-16 8.441668361404348836e-17 2.620894997709799308e-17 1.172660148288235671e-17 6.996327410719007623e-18 5.306008086932852382e-18 2.722635919488925548e-18 1.848048040558785179e-18 1.328504772633280349e-18 9.858982595447774323e-19 7.744319960315242577e-19 5.987678500215668737e-19 4.550108741485556859e-19 3.279866344739071227e-19 2.088232235830541029e-19
1.199640749849776101e-16 5.288339121323521932e-17 1.641470855693828751e-17 7.277289149666747483e-18 4.379269310635628873e-18 2.722635919488925548e-18 2.127445812220730543e-18 1.148066140730450992e-18 8.349658425814149008e-19 6.147646473014194485e-19 4.795036032883304618e-19 3.724980726004129383e-19 2.833721415988783204e-19 2.025526618581177269e-19 1.291973761328046787e-19
8.097267958874128106e-17 3.555651518498436695e-17 1.117246617529340045e-17 4.956205806678167437e-18 2.958045780847338715e-18 1.848048040558785179e-18 1.148066140730450992e-18 1.018604277063710653e-18 5.593086246613886872e-19 4.204966740904576976e-19 3.248821330072898269e-19 2.544036674634251796e-19 1.951868732143253822e-19 1.395116199430245396e-19 8.560974155251764689e-20
5.637177735460569231e-17 2.587377497789664750e-17 8.049083068826815524e-18 3.576580425511224492e-18 2.140097740416116362e-18 1.328504772633280349e-18 8.349658425814149008e-19 5.593086246613886872e-19 5.416926527389666832e-19 3.039376585100179172e-19 2.335801250591345996e-19 1.829246490965188462e-19 1.396403294122078861e-19 1.006447181567160863e-19 6.318048825064070360e-20
4.381995993989616738e-17 1.937260569658973132e-17 5.987248130249624160e-18 2.655035374615431845e-18 1.586496037911088574e-18 9.858982595447774323e-19 6.147646473014194485e-19 4.204966740904576976e-19 3.039376585100179172e-19 3.076978134512045860e-19 1.744957421909820205e-19 1.357300943452197202e-19 1.026982563791317414e-19 7.593016837158584041e-20 4.754846852606672366e-20
3.369621324899203715e-17 1.484130592647167547e-17 4.643817050739286975e-18 2.080891333288610638e-18 1.229898659006758241e-18 7.744319960315242577e-19 4.795036032883304618e-19 3.248821330072898269e-19 2.335801250591345996e-19 1.744957421909820205e-19 1.872235873819479483e-19 1.063753346859856403e-19 8.134458354821986216e-20 5.810200680724338537e-20 3.663041517196002007e-20
2.596127864914705593e-17 1.170020514943679267e-17 3.640060885621794098e-18 1.625616556360626011e-18 9.702990623939353071e-19 5.987678500215668737e-19 3.724980726004129383e-19 2.544036674634251796e-19 1.829246490965188462e-19 1.357300943452197202e-19 1.063753346859856403e-19 1.145405281675873050e-19 6.365531526366058868e-20 4.537638059110071528e-20 2.816544999852081149e-20
1.954549540521507082e-17 8.836901813726274577e-18 2.765220847215037159e-18 1.238790874257225571e-18 7.349982163529605238e-19 4.550108741485556859e-19 2.833721415988783204e-19 1.951868732143253822e-19 1.396403294122078861e-19 1.026982563791317414e-19 8.134458354821986216e-20 6.365531526366058868e-20 6.992555987978942779e-20 3.476625202441468662e-20 2.187903847333987231e-20
1.411680631977182033e-17 6.428844877145819797e-18 2.006185161409229031e-18 8.896976147368762664e-19 5.291570914336384554e-19 3.279866344739071227e-19 2.025526618581177269e-19 1.395116199430245396e-19 1.006447181567160863e-19 7.593016837158584041e-20 5.810200680724338537e-20 4.537638059110071528e-20 3.476625202441468662e-20 4.169831327806569409e-20 1.559505479068460784e-20
8.351934720865136359e-18 4.042544254710238612e-18 1.238791126696742554e-18 5.522142193045218176e-19 3.374482380609653904e-19 2.088232235830541029e-19 1.291973761328046787e-19 8.560974155251764689e-20 6.318048825064070360e-20 4.754846852606672366e-20 3.663041517196002007e-20 2.816544999852081149e-20 2.187903847333987231e-20 1.559505479068460784e-20 2.213300934047406491e-20
