2.109605619205005521e-14 3.367072377223878241e-15 1.031217689111185727e-15 5.410547711061199698e-16 3.344783438385379676e-16 1.894230024754867944e-16 1.202585371869559057e-16 8.396601375357463893e-17 5.926031024017468702e-17 4.245589259176546867e-17 3.390229362613434239e-17 2.638025669101033781e-17 2.064483933103016768e-17 1.488044467678084500e-17 8.931012893784009364e-18
3.367072377223878241e-15 1.703550557680817313e-15 4.617381399550752831e-16 2.494036643703012001e-16 1.507379824859135607e-16 8.430311032648033227e-17 5.248409298152721780e-17 3.661406208196968310e-17 2.626508698383437494e-17 1.914488611964474123e-17 1.502821492230156295e-17 1.155068476032794169e-17 8.822177693378083743e-18 6.396308925265548688e-18 4.018931305778014224e-18
1.031217689111185727e-15 4.617381399550752831e-16 1.827159324099111544e-16 8.104388146293347488e-17 4.794916391681841053e-17 2.713373274864561337e-17 1.706646819231912516e-17 1.180312979161171221e-17 8.412139928326471497e-18 6.134265668818948186e-18 4.847179728119641799e-18 3.681814032924032043e-18 2.846495296870321907e-18 2.055323826312997767e-18 1.322296891175003209e-18
5.410547711061199698e-16 2.494036643703012001e-16 8.104388146293347488e-17 5.229416846502985556e-17 2.633030022322866887e-17 1.478583815717764519e-17 9.215219046686661969e-18 6.402679404832646831e-18 4.523831674248355897e-18 3.312756353332780569e-18 2.622411508572469966e-18 2.006076032811912295e-18 1.517158039177767090e-18 1.122982410822846096e-18 7.077546842919183764e-19
3.344783438385379676e-16 1.507379824859135607e-16 4.794916391681841053e-17 2.633030022322866887e-17 1.825637744653850085e-17 8.918804963201752416e-18 5.514844175662025094e-18 3.842063172267199840e-18 2.721238891018783552e-18 1.979978951411649536e-18 1.553271475280510146e-18 1.204178999753728411e-18 9.133532036934087932e-19 6.716107863813431054e-19 4.296140894168627031e-19
1.894230024754867944e-16 8.430311032648033227e-17 2.713373274864561337e-17 1.478583815717764519e-17 8.918804963201752416e-18 6.064565108392698726e-18 3.111280388387078096e-18 2.163715276125725185e-18 1.552614830905614737e-18 1.132933592742646459e-18 8.939151265003919182e-19 6.842633269674835621e-19 5.152401283498991043e-19 3.770068738527866173e-19 2.439750544719772646e-19
1.202585371869559057e-16 5.248409298152721780e-17 1.706646819231912516e-17 9.215219046686661969e-18 5.514844175662025094e-18 3.111280388387078096e-18 2.424063697435480443e-18 1.344269221471798345e-18 9.558773390416300403e-19 6.994721840723474772e-19 5.495256257258458763e-19 4.216367391202128322e-19 3.227075356885589194e-19 2.359687905316407414e-19 1.486772445212220909e-19
8.396601375357463893e-17 3.661406208196968310e-17 1.180312979161171221e-17 6.402679404832646831e-18 3.842063172267199840e-18 2.163715276125725185e-18 1.344269221471798345e-18 1.191213134970863853e-18 6.637434656896614897e-19 4.870251625631009881e-19 3.802885998074014878e-19 2.931579171010595166e-19 2.230546061364878695e-19 1.643595750315579478e-19 1.041716804312492941e-19
5.926031024017468702e-17 2.626508698383437494e-17 8.412139928326471497e-18 4.523831674248355897e-18 2.721238891018783552e-18 1.552614830905614737e-18 9.558773390416300403e-19 6.637434656896614897e-19 6.243505358515224908e-19 3.432239285142584215e-19 2.738499410900105715e-19 2.098898242066530305e-19 1.599736414207417032e-19 1.187488848369076995e-19 7.373538514500763716e-20
4.245589259176546867e-17 1.914488611964474123e-17 6.134265668818948186e-18 3.312756353332780569e-18 1.979978951411649536e-18 1.132933592742646459e-18 6.994721840723474772e-19 4.870251625631009881e-19 3.432239285142584215e-19 3.412587252550743710e-19 1.988847130300327025e-19 1.531815941643793917e-19 1.161311621798096055e-19 8.468063858464258620e-20 5.375261244637554995e-20
3.390229362613434239e-17 1.502821492230156295e-17 4.847179728119641799e-18 2.622411508572469966e-18 1.553271475280510146e-18 8.939151265003919182e-19 5.495256257258458763e-19 3.802885998074014878e-19 2.738499410900105715e-19 1.988847130300327025e-19 2.094548758807415813e-19 1.214585190534130817e-19 8.951668196383613440e-20 6.749242594816396684e-20 4.285114585739023308e-20
2.638025669101033781e-17 1.155068476032794169e-17 3.681814032924032043e-18 2.006076032811912295e-18 1.204178999753728411e-18 6.842633269674835621e-19 4.216367391202128322e-19 2.931579171010595166e-19 2.098898242066530305e-19 1.531815941643793917e-19 1.214585190534130817e-19 1.283187446572192098e-19 7.079158183527375057e-20 5.150375888512758726e-20 3.272037781682879474e-20
2.064483933103016768e-17 8.822177693378083743e-18 2.846495296870321907e-18 1.517158039177767090e-18 9.133532036934087932e-19 5.152401283498991043e-19 3.227075356885589194e-19 2.230546061364878695e-19 1.599736414207417032e-19 1.161311621798096055e-19 8.951668196383613440e-20 7.079158183527375057e-20 7.663754464294964744e-20 3.873320966485393420e-20 2.493882735838238086e-20
1.488044467678084500e-17 6.396308925265548688e-18 2.055323826312997767e-18 1.122982410822846096e-18 6.716107863813431054e-19 3.770068738527866173e-19 2.359687905316407414e-19 1.643595750315579478e-19 1.187488848369076995e-19 8.468063858464258620e-20 6.749242594816396684e-20 5.150375888512758726e-20 3.873320966485393420e-20 4.538430939029296564e-20 1.791531863686730585e-20
8.931012893784009364e-18 4.018931305778014224e-18 1.322296891175003209e-18 7.077546842919183764e-19 4.296140894168627031e-19 2.439750544719772646e-19 1.486772445212220909e-19 1.041716804312492941e-19 7.373538514500763716e-20 5.375261244637554995e-20 4.285114585739023308e-20 3.272037781682879474e-20 2.493882735838238086e-20 1.791531863686730585e-20 2.386463418354336859e-20
