3.588265734049770701e-14 5.040315539811696378e-15 1.539935531642603005e-15 6.449752438534221781e-16 3.461654797352943585e-16 2.003431999861053078e-16 1.338867072226925577e-16 9.295598847744421186e-17 6.546778302088167488e-17 5.076451936073761453e-17 4.035931624007042061e-17 3.325303315024249546e-17 2.560349287282024518e-17 1.923576001124516754e-17 1.214742828817998290e-17
5.040315539811696378e-15 1.702128570721103840e-15 4.757371311251593493e-16 1.975153725342284999e-16 1.045704787287436289e-16 6.081910412949911170e-17 4.003925624488814224e-17 2.745864355428773344e-17 1.983528741878584560e-17 1.493227088382711900e-17 1.191956152509221135e-17 9.957429187087814955e-18 7.676984234931714054e-18 5.642329253658108626e-18 3.618649954579274563e-18
1.539935531642603005e-15 4.757371311251593493e-16 1.643399007508328717e-16 6.159001748692314175e-17 3.233266960729763941e-17 1.875138131011098272e-17 1.237763009659946170e-17 8.468012455022060871e-18 6.087142875642250078e-18 4.672797343803997672e-18 3.688559636923137648e-18 3.069454515640166990e-18 2.369355673357586198e-18 1.755405136785324156e-18 1.131983384859307482e-18
6.449752438534221781e-16 1.975153725342284999e-16 6.159001748692314175e-17 3.057437046420540810e-17 1.374712277252923179e-17 7.997656927467180674e-18 5.254417950922926238e-18 3.608869049949912768e-18 2.628480706519602831e-18 1.977592727721007120e-18 1.558441563176138878e-18 1.301459554257973914e-18 1.013003189927371041e-18 7.519877895250014139e-19 4.655366783464181551e-19
3.461654797352943585e-16 1.045704787287436289e-16 3.233266960729763941e-17 1.374712277252923179e-17 8.854809977350347209e-18 4.227955771103060541e-18 2.792152880407335427e-18 1.907783841604425556e-18 1.390785008191286229e-18 1.054527614770988985e-18 8.291972746430609396e-19 6.965227331398867407e-19 5.346852575142293707e-19 3.946870121984613387e-19 2.527295313748015029e-19
2.003431999861053078e-16 6.081910412949911170e-17 1.875138131011098272e-17 7.997656927467180674e-18 4.227955771103060541e-18 3.114706254088464724e-18 1.637726038274907869e-18 1.120349671503819099e-18 8.131977298581076981e-19 6.167543919094325425e-19 4.925434371236658329e-19 4.039076759391640153e-19 3.101722790112562254e-19 2.295674270470414901e-19 1.481845039460071127e-19
1.338867072226925577e-16 4.003925624488814224e-17 1.237763009659946170e-17 5.254417950922926238e-18 2.792152880407335427e-18 1.637726038274907869e-18 1.401200171621998473e-18 7.437493574356219513e-19 5.310808377224946400e-19 4.087370479820572566e-19 3.287652314383234212e-19 2.696977541453568196e-19 2.080460607599861818e-19 1.523964528240260221e-19 9.624377414257847466e-20
9.295598847744421186e-17 2.745864355428773344e-17 8.468012455022060871e-18 3.608869049949912768e-18 1.907783841604425556e-18 1.120349671503819099e-18 7.437493574356219513e-19 6.985907659738017925e-19 3.669445922524315816e-19 2.798573062615438928e-19 2.234243250233266513e-19 1.829738444712097214e-19 1.444537918043288081e-19 1.063720647238395231e-19 6.688556134820337517e-20
6.546778302088167488e-17 1.983528741878584560e-17 6.087142875642250078e-18 2.628480706519602831e-18 1.390785008191286229e-18 8.131977298581076981e-19 5.310808377224946400e-19 3.669445922524315816e-19 3.777680591961431252e-19 2.008173218837571898e-19 1.595200970548784866e-19 1.331429300456546831e-19 1.035932075740336172e-19 7.548325002921934917e-20 4.715860512491027869e-20
5.076451936073761453e-17 1.493227088382711900e-17 4.672797343803997672e-18 1.977592727721007120e-18 1.054527614770988985e-18 6.167543919094325425e-19 4.087370479820572566e-19 2.798573062615438928e-19 2.008173218837571898e-19 2.264241574621924005e-19 1.219176564886555344e-19 1.019716801432361479e-19 7.867367692400356810e-20 5.816546301919544271e-20 3.607783023767533755e-20
4.035931624007042061e-17 1.191956152509221135e-17 3.688559636923137648e-18 1.558441563176138878e-18 8.291972746430609396e-19 4.925434371236658329e-19 3.287652314383234212e-19 2.234243250233266513e-19 1.595200970548784866e-19 1.219176564886555344e-19 1.416509348213759799e-19 8.022131303754658135e-20 6.137675655994249922e-20 4.570962790829039943e-20 2.891735429128560117e-20
3.325303315024249546e-17 9.957429187087814955e-18 3.069454515640166990e-18 1.301459554257973914e-18 6.965227331398867407e-19 4.039076759391640153e-19 2.696977541453568196e-19 1.829738444712097214e-19 1.331429300456546831e-19 1.019716801432361479e-19 8.022131303754658135e-20 9.674450564648192645e-20 5.242712297738944853e-20 3.732684746039946363e-20 2.379014829572634677e-20
2.560349287282024518e-17 7.676984234931714054e-18 2.369355673357586198e-18 1.013003189927371041e-18 5.346852575142293707e-19 3.101722790112562254e-19 2.080460607599861818e-19 1.444537918043288081e-19 1.035932075740336172e-19 7.867367692400356810e-20 6.137675655994249922e-20 5.242712297738944853e-20 6.064508751548606693e-20 2.960982687346562611e-20 1.825135288970602475e-20
1.923576001124516754e-17 5.642329253658108626e-18 1.755405136785324156e-18 7.519877895250014139e-19 3.946870121984613387e-19 2.295674270470414901e-19 1.523964528240260221e-19 1.063720647238395231e-19 7.548325002921934917e-20 5.816546301919544271e-20 4.570962790829039943e-20 3.732684746039946363e-20 2.960982687346562611e-20 3.731574256621094514e-20 1.328452871898290447e-20
1.214742828817998290e-17 3.618649954579274563e-18 1.131983384859307482e-18 4.655366783464181551e-19 2.527295313748015029e-19 1.481845039460071127e-19 9.624377414257847466e-20 6.688556134820337517e-20 4.715860512491027869e-20 3.607783023767533755e-20 2.891735429128560117e-20 2.379014829572634677e-20 1.825135288970602475e-20 1.328452871898290447e-20 2.088989557626903681e-20
