4.158670137002009547e-14 4.934412636198133742e-15 1.441080922053492472e-15 6.519998950750886752e-16 3.444229190055529701e-16 2.100647949078532859e-16 1.391604142774358048e-16 9.696413844093555943e-17 7.049210166059173892e-17 5.227765788258176055e-17 4.275677243283955565e-17 3.491014932647084325e-17 2.781556329691405257e-17 2.041323768699108469e-17 1.299982760239861714e-17
4.934412636198133742e-15 1.523920925623270868e-15 3.834813914114244762e-16 1.680245776187875685e-16 8.886221953962705995e-17 5.407205517185156345e-17 3.516109949971689399e-17 2.468493622494245573e-17 1.812419217255608024e-17 1.345788355691808561e-17 1.108917462643999293e-17 8.783444248236887565e-18 6.950018411556339049e-18 5.079157818147419581e-18 3.393431954048689493e-18
1.441080922053492472e-15 3.834813914114244762e-16 1.250511058637511973e-16 4.812589446910985342e-17 2.553259193898775354e-17 1.545307746619762533e-17 1.016360435257442355e-17 7.049972667405552226e-18 5.219138319163480431e-18 3.922988765197019716e-18 3.178186064809460146e-18 2.500283244691660779e-18 1.988615517430028551e-18 1.464830325309058104e-18 9.668473205532684010e-19
6.519998950750886752e-16 1.680245776187875685e-16 4.812589446910985342e-17 2.541691616182987259e-17 1.130175295328759307e-17 6.810226210452119505e-18 4.519279485670000664e-18 3.137713017253293261e-18 2.320730775718087239e-18 1.740046124869716233e-18 1.423842828451773301e-18 1.114331201334261980e-18 8.846603861056890641e-19 6.536768414704165717e-19 4.323553089946834826e-19
3.444229190055529701e-16 8.886221953962705995e-17 2.553259193898775354e-17 1.130175295328759307e-17 7.431403173011921859e-18 3.633164966400149342e-18 2.403103219824132791e-18 1.693865118345512004e-18 1.231310276044432251e-18 9.164555118961727269e-19 7.536495404594673896e-19 5.948935865372812384e-19 4.804159945957977723e-19 3.447617749297685913e-19 2.260487600589050099e-19
2.100647949078532859e-16 5.407205517185156345e-17 1.545307746619762533e-17 6.810226210452119505e-18 3.633164966400149342e-18 2.860265930720622283e-18 1.452062677902957790e-18 1.017694422527011822e-18 7.529347031216304771e-19 5.537829556815807689e-19 4.608827205629462274e-19 3.554744758373118868e-19 2.899922454108456206e-19 2.100181157325074419e-19 1.361084605721123688e-19
1.391604142774358048e-16 3.516109949971689399e-17 1.016360435257442355e-17 4.519279485670000664e-18 2.403103219824132791e-18 1.452062677902957790e-18 1.284129052990555207e-18 6.699198484417493519e-19 4.936269573755876469e-19 3.625705975693786550e-19 2.990707308669693285e-19 2.359983719182813720e-19 1.895791119742626921e-19 1.396825338548702490e-19 9.087156048488442931e-20
9.696413844093555943e-17 2.468493622494245573e-17 7.049972667405552226e-18 3.137713017253293261e-18 1.693865118345512004e-18 1.017694422527011822e-18 6.699198484417493519e-19 6.474761188445135667e-19 3.411239364182369990e-19 2.528068019345873921e-19 2.073340497400382403e-19 1.623890487335786349e-19 1.349881872557481647e-19 9.671110391536344331e-20 6.354468417682049252e-20
7.049210166059173892e-17 1.812419217255608024e-17 5.219138319163480431e-18 2.320730775718087239e-18 1.231310276044432251e-18 7.529347031216304771e-19 4.936269573755876469e-19 3.411239364182369990e-19 3.579694712835476204e-19 1.888512073081092471e-19 1.572023361839625527e-19 1.201248134203084033e-19 9.847326772716505200e-20 7.023738152181773479e-20 4.729397185396479014e-20
5.227765788258176055e-17 1.345788355691808561e-17 3.922988765197019716e-18 1.740046124869716233e-18 9.164555118961727269e-19 5.537829556815807689e-19 3.625705975693786550e-19 2.528068019345873921e-19 1.888512073081092471e-19 2.087829527387434978e-19 1.147303539890098358e-19 9.097379662992314799e-20 7.260696650251468072e-20 5.240889584718231109e-20 3.464345062014149177e-20
4.275677243283955565e-17 1.108917462643999293e-17 3.178186064809460146e-18 1.423842828451773301e-18 7.536495404594673896e-19 4.608827205629462274e-19 2.990707308669693285e-19 2.073340497400382403e-19 1.572023361839625527e-19 1.147303539890098358e-19 1.403324824881332047e-19 7.469964982140745475e-20 5.937777786216954275e-20 4.412391273828124912e-20 2.834405189966215221e-20
3.491014932647084325e-17 8.783444248236887565e-18 2.500283244691660779e-18 1.114331201334261980e-18 5.948935865372812384e-19 3.554744758373118868e-19 2.359983719182813720e-19 1.623890487335786349e-19 1.201248134203084033e-19 9.097379662992314799e-20 7.469964982140745475e-20 8.912213968850765435e-20 4.640098543789660856e-20 3.478433963813823203e-20 2.285344125126650768e-20
2.781556329691405257e-17 6.950018411556339049e-18 1.988615517430028551e-18 8.846603861056890641e-19 4.804159945957977723e-19 2.899922454108456206e-19 1.895791119742626921e-19 1.349881872557481647e-19 9.847326772716505200e-20 7.260696650251468072e-20 5.937777786216954275e-20 4.640098543789660856e-20 5.871370533251982609e-20 2.700377373175414453e-20 1.815838196838375328e-20
2.041323768699108469e-17 5.079157818147419581e-18 1.464830325309058104e-18 6.536768414704165717e-19 3.447617749297685913e-19 2.100181157325074419e-19 1.396825338548702490e-19 9.671110391536344331e-20 7.023738152181773479e-20 5.240889584718231109e-20 4.412391273828124912e-20 3.478433963813823203e-20 2.700377373175414453e-20 3.517680766563342604e-20 1.316150058263829997e-20
1.299982760239861714e-17 3.393431954048689493e-18 9.668473205532684010e-19 4.323553089946834826e-19 2.260487600589050099e-19 1.361084605721123688e-19 9.087156048488442931e-20 6.354468417682049252e-20 4.729397185396479014e-20 3.464345062014149177e-20 2.834405189966215221e-20 2.285344125126650768e-20 1.815838196838375328e-20 1.316150058263829997e-20 2.120890048793233952e-20
