8.773083394451143263e-14 7.315435489295140583e-15 1.929211051795021291e-15 8.409744579413314109e-16 4.498599113981952059e-16 2.812231544707939299e-16 1.955517473238160996e-16 1.375648879444209068e-16 1.040481089991703623e-16 8.391961978426856671e-17 7.592468281503259264e-17 5.992613935733513583e-17 4.715318861436273064e-17 3.655669329652590338e-17 2.448466085575444710e-17
7.315435489295140583e-15 1.159896072018185937e-15 2.810806224495900726e-16 1.207851369474390995e-16 6.497376109301745579e-17 3.984254975588491662e-17 2.811417960336752379e-17 1.954261971996150206e-17 1.503734993445358393e-17 1.218190939576744098e-17 1.062558183089096122e-17 8.708652101680923623e-18 6.799820841606457306e-18 5.170376274037025777e-18 3.398274179325777116e-18
1.929211051795021291e-15 2.810806224495900726e-16 8.850892381382412673e-17 3.256807866408257579e-17 1.759990401893195550e-17 1.082602521695494141e-17 7.589525808975653123e-18 5.381820469274606664e-18 4.098318140889723033e-18 3.336493273109216595e-18 2.891725469826162879e-18 2.339563816878295026e-18 1.853488051626622420e-18 1.405020935012643876e-18 9.542236931569631385e-19
8.409744579413314109e-16 1.207851369474390995e-16 3.256807866408257579e-17 1.764398235992730883e-17 7.470182840087188988e-18 4.612240977609485150e-18 3.272257862179286454e-18 2.302445782553900423e-18 1.753336164430861857e-18 1.453311636710873472e-18 1.227847835573671865e-18 1.016387576649645952e-18 8.022341417683419588e-19 5.919083140284990770e-19 4.057940364571205797e-19
4.498599113981952059e-16 6.497376109301745579e-17 1.759990401893195550e-17 7.470182840087188988e-18 5.412083647456976763e-18 2.480326082779965945e-18 1.738798632930674483e-18 1.218118070675896397e-18 9.519246433293341566e-19 7.675381674656986421e-19 6.588844357408373933e-19 5.525787719968086820e-19 4.318623673954266280e-19 3.141303798530161281e-19 2.154806032567374194e-19
2.812231544707939299e-16 3.984254975588491662e-17 1.082602521695494141e-17 4.612240977609485150e-18 2.480326082779965945e-18 2.209215387511005553e-18 1.083059996952001428e-18 7.586604945344535628e-19 5.854908208047973541e-19 4.679247747275773928e-19 4.143753453795362940e-19 3.411879554024712805e-19 2.631184986005069642e-19 1.961470956043328829e-19 1.329443583244537901e-19
1.955517473238160996e-16 2.811417960336752379e-17 7.589525808975653123e-18 3.272257862179286454e-18 1.738798632930674483e-18 1.083059996952001428e-18 1.132293046307877028e-18 5.351243988891482573e-19 4.106091511815006151e-19 3.330215041437584824e-19 2.884841008249135305e-19 2.339354133999660132e-19 1.832537321344474428e-19 1.408894995753259285e-19 9.166289051930674562e-20
1.375648879444209068e-16 1.954261971996150206e-17 5.381820469274606664e-18 2.302445782553900423e-18 1.218118070675896397e-18 7.586604945344535628e-19 5.351243988891482573e-19 6.031355186396594046e-19 2.873200769050146217e-19 2.359229254413595397e-19 1.995876705638035477e-19 1.665286349468156719e-19 1.296763683048915624e-19 9.954876542798937506e-20 6.529660814870502921e-20
1.040481089991703623e-16 1.503734993445358393e-17 4.098318140889723033e-18 1.753336164430861857e-18 9.519246433293341566e-19 5.854908208047973541e-19 4.106091511815006151e-19 2.873200769050146217e-19 3.669221557817260385e-19 1.811249055791806331e-19 1.546344004230447258e-19 1.254588373684513913e-19 9.986218545963754663e-20 7.695838022889787978e-20 4.875251001440133605e-20
8.391961978426856671e-17 1.218190939576744098e-17 3.336493273109216595e-18 1.453311636710873472e-18 7.675381674656986421e-19 4.679247747275773928e-19 3.330215041437584824e-19 2.359229254413595397e-19 1.811249055791806331e-19 2.498213014455417267e-19 1.262497756481238985e-19 1.042458692009382443e-19 8.191002120200693803e-20 6.148339104879762516e-20 4.151018141457846118e-20
7.592468281503259264e-17 1.062558183089096122e-17 2.891725469826162879e-18 1.227847835573671865e-18 6.588844357408373933e-19 4.143753453795362940e-19 2.884841008249135305e-19 1.995876705638035477e-19 1.546344004230447258e-19 1.262497756481238985e-19 1.801474575080098950e-19 9.331485751568244330e-20 7.083540473203115652e-20 5.511930744237618068e-20 3.534581799722706744e-20
5.992613935733513583e-17 8.708652101680923623e-18 2.339563816878295026e-18 1.016387576649645952e-18 5.525787719968086820e-19 3.411879554024712805e-19 2.339354133999660132e-19 1.665286349468156719e-19 1.254588373684513913e-19 1.042458692009382443e-19 9.331485751568244330e-20 1.235810353932812104e-19 5.939546590211568636e-20 4.375040586657189987e-20 2.904949837382688861e-20
4.715318861436273064e-17 6.799820841606457306e-18 1.853488051626622420e-18 8.022341417683419588e-19 4.318623673954266280e-19 2.631184986005069642e-19 1.832537321344474428e-19 1.296763683048915624e-19 9.986218545963754663e-20 8.191002120200693803e-20 7.083540473203115652e-20 5.939546590211568636e-20 8.196424627515634749e-20 3.461893371691042771e-20 2.216762993168077490e-20
3.655669329652590338e-17 5.170376274037025777e-18 1.405020935012643876e-18 5.919083140284990770e-19 3.141303798530161281e-19 1.961470956043328829e-19 1.408894995753259285e-19 9.954876542798937506e-20 7.695838022889787978e-20 6.148339104879762516e-20 5.511930744237618068e-20 4.375040586657189987e-20 3.461893371691042771e-20 5.147964936360690935e-20 1.678806346998292532e-20
2.448466085575444710e-17 3.398274179325777116e-18 9.542236931569631385e-19 4.057940364571205797e-19 2.154806032567374194e-19 1.329443583244537901e-19 9.166289051930674562e-20 6.529660814870502921e-20 4.875251001440133605e-20 4.151018141457846118e-20 3.534581799722706744e-20 2.904949837382688861e-20 2.216762993168077490e-20 1.678806346998292532e-20 3.227881684586007557e-20
