2.205624093016089554e-14 3.714949104402068984e-15 1.119407036380772945e-15 4.867266191683988475e-16 2.905970224765928427e-16 1.856975267620859917e-16 1.209699539545488272e-16 8.166513477182872999e-17 5.844369115729221106e-17 4.490972793766570515e-17 3.365493382586827349e-17 2.645835370199834392e-17 2.047051778509255826e-17 1.561023543692561940e-17 8.363952373851117583e-18
3.714949104402068984e-15 1.868210072465283441e-15 5.105523995497476248e-16 2.275216029750261572e-16 1.357898644813562570e-16 8.430293260766096176e-17 5.321110311104111065e-17 3.568509044686580586e-17 2.590177421091165653e-17 1.971648633570106064e-17 1.505585452684632482e-17 1.222786595480305942e-17 9.258949068072953819e-18 7.026229495120332032e-18 4.141083361458904129e-18
1.119407036380772945e-15 5.105523995497476248e-16 1.869874548557195808e-16 7.093156507136794051e-17 4.188900203531107666e-17 2.606504372027363742e-17 1.648494632797960783e-17 1.120049053509602324e-17 8.082250624792119901e-18 6.082222975785155139e-18 4.696699211828220839e-18 3.810778677937686258e-18 2.883074787305801218e-18 2.178622616083980927e-18 1.285343653479647543e-18
4.867266191683988475e-16 2.275216029750261572e-16 7.093156507136794051e-17 3.928834326699518700e-17 1.889415624154725462e-17 1.167745112032469398e-17 7.333527149517136307e-18 4.950759386845713570e-18 3.582373050781521382e-18 2.716578255118458964e-18 2.102391351195004617e-18 1.677864341826620344e-18 1.309054909118063809e-18 9.724808685250768001e-19 5.716452714236596746e-19
2.905970224765928427e-16 1.357898644813562570e-16 4.188900203531107666e-17 1.889415624154725462e-17 1.386534426428658228e-17 6.954233493308634664e-18 4.400042052957833395e-18 2.972133039478790358e-18 2.143217222720242667e-18 1.599552746298834017e-18 1.248947795736139941e-18 1.002450360232913488e-18 7.740871363142186722e-19 5.760796234019640487e-19 3.501598917321013593e-19
1.856975267620859917e-16 8.430293260766096176e-17 2.606504372027363742e-17 1.167745112032469398e-17 6.954233493308634664e-18 5.445102429806320750e-18 2.725999035979158263e-18 1.840447680225433623e-18 1.325112976102797004e-18 9.914715971759331941e-19 7.812873386560309502e-19 6.205843136398225872e-19 4.703045659871480762e-19 3.569768931397202858e-19 2.115122032832511403e-19
1.209699539545488272e-16 5.321110311104111065e-17 1.648494632797960783e-17 7.333527149517136307e-18 4.400042052957833395e-18 2.725999035979158263e-18 2.276704968478081051e-18 1.155562474132394890e-18 8.419485216872075593e-19 6.327877319722365801e-19 4.927860338430460006e-19 3.918599603580732357e-19 3.025176050623018378e-19 2.230850605991728326e-19 1.327646666478013396e-19
8.166513477182872999e-17 3.568509044686580586e-17 1.120049053509602324e-17 4.950759386845713570e-18 2.972133039478790358e-18 1.840447680225433623e-18 1.155562474132394890e-18 1.118045726351897705e-18 5.657246684079375142e-19 4.259441492382329521e-19 3.276146647607546375e-19 2.633956080609332625e-19 2.053410423696662246e-19 1.527100118754519489e-19 8.742244048620231085e-20
5.844369115729221106e-17 2.590177421091165653e-17 8.082250624792119901e-18 3.582373050781521382e-18 2.143217222720242667e-18 1.325112976102797004e-18 8.419485216872075593e-19 5.657246684079375142e-19 5.968836206505419049e-19 3.105192984040470091e-19 2.360272416204309326e-19 1.890174180768128498e-19 1.481351072337667903e-19 1.079921009417092497e-19 6.307227673376362860e-20
4.490972793766570515e-17 1.971648633570106064e-17 6.082222975785155139e-18 2.716578255118458964e-18 1.599552746298834017e-18 9.914715971759331941e-19 6.327877319722365801e-19 4.259441492382329521e-19 3.105192984040470091e-19 3.550223396513527105e-19 1.786210179704045187e-19 1.430084930723931765e-19 1.101656102613383913e-19 8.473261735430421151e-20 5.010030239359023838e-20
3.365493382586827349e-17 1.505585452684632482e-17 4.696699211828220839e-18 2.102391351195004617e-18 1.248947795736139941e-18 7.812873386560309502e-19 4.927860338430460006e-19 3.276146647607546375e-19 2.360272416204309326e-19 1.786210179704045187e-19 2.241709242101529793e-19 1.123907098755604736e-19 8.672214244924915071e-20 6.382758166824489580e-20 3.711476536943262284e-20
2.645835370199834392e-17 1.222786595480305942e-17 3.810778677937686258e-18 1.677864341826620344e-18 1.002450360232913488e-18 6.205843136398225872e-19 3.918599603580732357e-19 2.633956080609332625e-19 1.890174180768128498e-19 1.430084930723931765e-19 1.123907098755604736e-19 1.481655678077103379e-19 6.856831111813182375e-20 5.044981717701260551e-20 3.022343675122773258e-20
2.047051778509255826e-17 9.258949068072953819e-18 2.883074787305801218e-18 1.309054909118063809e-18 7.740871363142186722e-19 4.703045659871480762e-19 3.025176050623018378e-19 2.053410423696662246e-19 1.481351072337667903e-19 1.101656102613383913e-19 8.672214244924915071e-20 6.856831111813182375e-20 9.644676696801206456e-20 3.921556180350404603e-20 2.334866222164500561e-20
1.561023543692561940e-17 7.026229495120332032e-18 2.178622616083980927e-18 9.724808685250768001e-19 5.760796234019640487e-19 3.569768931397202858e-19 2.230850605991728326e-19 1.527100118754519489e-19 1.079921009417092497e-19 8.473261735430421151e-20 6.382758166824489580e-20 5.044981717701260551e-20 3.921556180350404603e-20 6.349203414273786086e-20 1.678831885763992057e-20
8.363952373851117583e-18 4.141083361458904129e-18 1.285343653479647543e-18 5.716452714236596746e-19 3.501598917321013593e-19 2.115122032832511403e-19 1.327646666478013396e-19 8.742244048620231085e-20 6.307227673376362860e-20 5.010030239359023838e-20 3.711476536943262284e-20 3.022343675122773258e-20 2.334866222164500561e-20 1.678831885763992057e-20 3.704173182704476272e-20
