2.677456712397377998e-14 4.189340609132246930e-15 1.431388492622650367e-15 5.772732213265032598e-16 2.959455448114844011e-16 1.813029124076838739e-16 1.164376456089393143e-16 8.163584216882619852e-17 5.894260710263462853e-17 4.309705112406581480e-17 3.408973805167573688e-17 2.952198994132802877e-17 2.180116910898825123e-17 1.583139278022037116e-17 9.654297810518407535e-18
4.189340609132246930e-15 1.990121962458169590e-15 5.739008815035948749e-16 2.366773938977856537e-16 1.254814479555511791e-16 7.761599285748328810e-17 4.960961683001835144e-17 3.536971541959349255e-17 2.487791549031187297e-17 1.890948474663680278e-17 1.447861398140724357e-17 1.168489394201297184e-17 9.129500900503812196e-18 6.607656027273955028e-18 4.111764837875902234e-18
1.431388492622650367e-15 5.739008815035948749e-16 2.146483173490707972e-16 7.745210688685721700e-17 4.064408759764739996e-17 2.525745577168593831e-17 1.617154924417037803e-17 1.165206885099672698e-17 8.159426115349011403e-18 6.084971771466988219e-18 4.721214917599061479e-18 3.893671107605135530e-18 2.942383364756614631e-18 2.153379466396201025e-18 1.326606887565233079e-18
5.772732213265032598e-16 2.366773938977856537e-16 7.745210688685721700e-17 3.861964069196011234e-17 1.710024038473190066e-17 1.047959266342181091e-17 6.709587542072626081e-18 4.812384784093710934e-18 3.394880595697879888e-18 2.525872495170184201e-18 1.949313307910837749e-18 1.594135464129265952e-18 1.230996267039400501e-18 8.737868936396484108e-19 5.478671825841927804e-19
2.959455448114844011e-16 1.254814479555511791e-16 4.064408759764739996e-17 1.710024038473190066e-17 1.115715515215191827e-17 5.556993985540971950e-18 3.524907884206627131e-18 2.549697664125156467e-18 1.775860465554743280e-18 1.321009520665306423e-18 1.026606453948910659e-18 8.461518550819252118e-19 6.479860700244074232e-19 4.709707839576989981e-19 2.829933177554100769e-19
1.813029124076838739e-16 7.761599285748328810e-17 2.525745577168593831e-17 1.047959266342181091e-17 5.556993985540971950e-18 4.454436362826216583e-18 2.201016201635521689e-18 1.562332175070262824e-18 1.110438033964223326e-18 8.209627199489672274e-19 6.357973212789795437e-19 5.298843919713155559e-19 4.038990226983540458e-19 2.902048364532780409e-19 1.784902948014442251e-19
1.164376456089393143e-16 4.960961683001835144e-17 1.617154924417037803e-17 6.709587542072626081e-18 3.524907884206627131e-18 2.201016201635521689e-18 1.926900681083333829e-18 1.002313374351617266e-18 7.076098617591986871e-19 5.329335386358218541e-19 4.020712326242177073e-19 3.386755136132656532e-19 2.572052417139340939e-19 1.826932060539066112e-19 1.136855962623366588e-19
8.163584216882619852e-17 3.536971541959349255e-17 1.165206885099672698e-17 4.812384784093710934e-18 2.549697664125156467e-18 1.562332175070262824e-18 1.002313374351617266e-18 9.950950968545151409e-19 5.037216880679831931e-19 3.762040280489512011e-19 2.949680849994382522e-19 2.396402140956878900e-19 1.784731556824392186e-19 1.341129613063716190e-19 8.071146084648213662e-20
5.894260710263462853e-17 2.487791549031187297e-17 8.159426115349011403e-18 3.394880595697879888e-18 1.775860465554743280e-18 1.110438033964223326e-18 7.076098617591986871e-19 5.037216880679831931e-19 5.290677802122966433e-19 2.619462265235180763e-19 2.037447958289761327e-19 1.699550331777311542e-19 1.284182857259777900e-19 9.394395122579823601e-20 5.572092534200973494e-20
4.309705112406581480e-17 1.890948474663680278e-17 6.084971771466988219e-18 2.525872495170184201e-18 1.321009520665306423e-18 8.209627199489672274e-19 5.329335386358218541e-19 3.762040280489512011e-19 2.619462265235180763e-19 3.156459915220053088e-19 1.531205526185702821e-19 1.252981485008714689e-19 9.358044738329465402e-20 6.842660083913612944e-20 4.227249998845772713e-20
3.408973805167573688e-17 1.447861398140724357e-17 4.721214917599061479e-18 1.949313307910837749e-18 1.026606453948910659e-18 6.357973212789795437e-19 4.020712326242177073e-19 2.949680849994382522e-19 2.037447958289761327e-19 1.531205526185702821e-19 1.956107752281290025e-19 9.915741859453540040e-20 7.336784096937269897e-20 5.476516874597111820e-20 3.344524629564119834e-20
2.952198994132802877e-17 1.168489394201297184e-17 3.893671107605135530e-18 1.594135464129265952e-18 8.461518550819252118e-19 5.298843919713155559e-19 3.386755136132656532e-19 2.396402140956878900e-19 1.699550331777311542e-19 1.252981485008714689e-19 9.915741859453540040e-20 1.347423239541096087e-19 6.103782234592017932e-20 4.459979024242308763e-20 2.729998038414372402e-20
2.180116910898825123e-17 9.129500900503812196e-18 2.942383364756614631e-18 1.230996267039400501e-18 6.479860700244074232e-19 4.038990226983540458e-19 2.572052417139340939e-19 1.784731556824392186e-19 1.284182857259777900e-19 9.358044738329465402e-20 7.336784096937269897e-20 6.103782234592017932e-20 8.802113593184465939e-20 3.407885282294923640e-20 2.091261932151608434e-20
1.583139278022037116e-17 6.607656027273955028e-18 2.153379466396201025e-18 8.737868936396484108e-19 4.709707839576989981e-19 2.902048364532780409e-19 1.826932060539066112e-19 1.341129613063716190e-19 9.394395122579823601e-20 6.842660083913612944e-20 5.476516874597111820e-20 4.459979024242308763e-20 3.407885282294923640e-20 5.586242826009230219e-20 1.518983916719492665e-20
9.654297810518407535e-18 4.111764837875902234e-18 1.326606887565233079e-18 5.478671825841927804e-19 2.829933177554100769e-19 1.784902948014442251e-19 1.136855962623366588e-19 8.071146084648213662e-20 5.572092534200973494e-20 4.227249998845772713e-20 3.344524629564119834e-20 2.729998038414372402e-20 2.091261932151608434e-20 1.518983916719492665e-20 3.362879229937499709e-20
