8.696055990434950219e-13 1.840691128004082644e-14 4.979850951612388775e-15 2.551020124985660642e-15 1.600696115610799485e-15 1.178571717904816621e-15 8.564755155759323434e-16 6.730017149399916242e-16 5.027044766776720124e-16 3.831610363854953987e-16 3.067803550341205638e-16 2.463811850120020805e-16 1.858429584941879028e-16 1.321831415105583772e-16 8.810625360104730848e-17
1.840691128004082644e-14 8.945491826518293569e-16 2.188866497117764102e-16 1.119652568915227549e-16 7.282928037155581459e-17 5.308298725146080155e-17 3.820416453509327399e-17 2.947828641712518780e-17 2.206819303214982872e-17 1.758109989405378910e-17 1.373110797389928896e-17 1.092078378299117641e-17 8.384490057645034414e-18 5.927076206984723963e-18 3.847180715635103131e-18
4.979850951612388775e-15 2.188866497117764102e-16 8.066506959373040919e-17 3.193471281125131719e-17 2.055234462899596991e-17 1.502346954545775422e-17 1.075356447300532227e-17 8.374172074764783298e-18 6.396399851859676671e-18 4.959200175057551521e-18 3.910569598297350536e-18 3.105345684733026359e-18 2.364083094250435295e-18 1.670880658713834243e-18 1.075588206265682221e-18
2.551020124985660642e-15 1.119652568915227549e-16 3.193471281125131719e-17 2.257842249268270706e-17 1.070832708746528506e-17 7.753494953264338316e-18 5.615481265978375513e-18 4.335261880050073626e-18 3.324035208482091016e-18 2.553618268568162132e-18 2.012520091180944310e-18 1.599440939545505623e-18 1.229067032310956130e-18 8.687693532853616258e-19 5.436268363476910334e-19
1.600696115610799485e-15 7.282928037155581459e-17 2.055234462899596991e-17 1.070832708746528506e-17 9.449400121538610176e-18 5.088543233163515415e-18 3.626874034117627017e-18 2.819770292449127326e-18 2.134860124635639972e-18 1.671779070438186291e-18 1.309548274987018549e-18 1.039828244263581766e-18 7.991968887998601838e-19 5.648739017853219653e-19 3.569318880360843796e-19
1.178571717904816621e-15 5.308298725146080155e-17 1.502346954545775422e-17 7.753494953264338316e-18 5.088543233163515415e-18 4.995179486837497765e-18 2.669209825370963572e-18 2.053051126994999625e-18 1.566257095610975067e-18 1.213841636417015500e-18 9.544006337111638952e-19 7.595203855450968542e-19 5.837277324694774378e-19 4.105703970251529305e-19 2.604939176444030862e-19
8.564755155759323434e-16 3.820416453509327399e-17 1.075356447300532227e-17 5.615481265978375513e-18 3.626874034117627017e-18 2.669209825370963572e-18 2.615427252686165126e-18 1.475558244209565316e-18 1.125954397975926260e-18 8.741547756934381879e-19 6.999690525392966104e-19 5.493333565128935168e-19 4.246866733917662463e-19 2.976875917903028246e-19 1.888521956295212952e-19
6.730017149399916242e-16 2.947828641712518780e-17 8.374172074764783298e-18 4.335261880050073626e-18 2.819770292449127326e-18 2.053051126994999625e-18 1.475558244209565316e-18 1.521439288716019756e-18 8.709252748652111255e-19 6.712592632320166545e-19 5.372330983438308442e-19 4.281894719944143148e-19 3.265228973037511530e-19 2.262688984743993795e-19 1.433044885457753666e-19
5.027044766776720124e-16 2.206819303214982872e-17 6.396399851859676671e-18 3.324035208482091016e-18 2.134860124635639972e-18 1.566257095610975067e-18 1.125954397975926260e-18 8.709252748652111255e-19 8.732485069930708056e-19 5.102657669475312519e-19 4.032662465882906130e-19 3.190559728749301030e-19 2.458498735285657265e-19 1.750173309078252862e-19 1.074626715437095044e-19
3.831610363854953987e-16 1.758109989405378910e-17 4.959200175057551521e-18 2.553618268568162132e-18 1.671779070438186291e-18 1.213841636417015500e-18 8.741547756934381879e-19 6.712592632320166545e-19 5.102657669475312519e-19 5.275634116984109293e-19 3.153506122038700238e-19 2.494004524060481785e-19 1.914269398202068686e-19 1.340461337844805577e-19 8.656307924311844568e-20
3.067803550341205638e-16 1.373110797389928896e-17 3.910569598297350536e-18 2.012520091180944310e-18 1.309548274987018549e-18 9.544006337111638952e-19 6.999690525392966104e-19 5.372330983438308442e-19 4.032662465882906130e-19 3.153506122038700238e-19 3.313604294391206373e-19 1.980035720361492367e-19 1.531177154171805618e-19 1.090938770616721989e-19 6.815488927038463826e-20
2.463811850120020805e-16 1.092078378299117641e-17 3.105345684733026359e-18 1.599440939545505623e-18 1.039828244263581766e-18 7.595203855450968542e-19 5.493333565128935168e-19 4.281894719944143148e-19 3.190559728749301030e-19 2.494004524060481785e-19 1.980035720361492367e-19 2.132588808763717374e-19 1.207772936130829543e-19 8.560246548417482140e-20 5.427584476789234335e-20
1.858429584941879028e-16 8.384490057645034414e-18 2.364083094250435295e-18 1.229067032310956130e-18 7.991968887998601838e-19 5.837277324694774378e-19 4.246866733917662463e-19 3.265228973037511530e-19 2.458498735285657265e-19 1.914269398202068686e-19 1.531177154171805618e-19 1.207772936130829543e-19 1.264779305374965058e-19 6.516351716999523550e-20 4.148284128275922704e-20
1.321831415105583772e-16 5.927076206984723963e-18 1.670880658713834243e-18 8.687693532853616258e-19 5.648739017853219653e-19 4.105703970251529305e-19 2.976875917903028246e-19 2.262688984743993795e-19 1.750173309078252862e-19 1.340461337844805577e-19 1.090938770616721989e-19 8.560246548417482140e-20 6.516351716999523550e-20 7.055035053000686615e-20 2.947442717108102306e-20
8.810625360104730848e-17 3.847180715635103131e-18 1.075588206265682221e-18 5.436268363476910334e-19 3.569318880360843796e-19 2.604939176444030862e-19 1.888521956295212952e-19 1.433044885457753666e-19 1.074626715437095044e-19 8.656307924311844568e-20 6.815488927038463826e-20 5.427584476789234335e-20 4.148284128275922704e-20 2.947442717108102306e-20 3.696076443198715306e-20
