3.088194282971613714e-13 1.245141510203239992e-14 3.250885692630447857e-15 1.533593503396095401e-15 9.001221014073628976e-16 5.957706744694766370e-16 4.743723021516593716e-16 3.612955176400032787e-16 2.961303881935614011e-16 2.288423833027576781e-16 1.884497482045876161e-16 1.498235434545288592e-16 1.178965687429520744e-16 8.603756876973841682e-17 5.679755741242308012e-17
1.245141510203239992e-14 9.065301328762140138e-16 2.113692237758215748e-16 9.968116706342753676e-17 5.817627873071274054e-17 4.025884363292500988e-17 3.145272767575279269e-17 2.382115856846389468e-17 1.911643651317788687e-17 1.532479355618415241e-17 1.260085518513088731e-17 9.963456235172822688e-18 7.905720527859135407e-18 5.752536591826626354e-18 3.633464105843784752e-18
3.250885692630447857e-15 2.113692237758215748e-16 6.804431058249276523e-17 2.655864109470166988e-17 1.541963067084012928e-17 1.058080464332185634e-17 8.202488167175662418e-18 6.333088574003540777e-18 5.100593278752675237e-18 4.047343501232478429e-18 3.310424746034385807e-18 2.669040232326693279e-18 2.072038729406151076e-18 1.532241056692993332e-18 9.561914434186257765e-19
1.533593503396095401e-15 9.968116706342753676e-17 2.655864109470166988e-17 1.676210379002202031e-17 7.346765574703791096e-18 5.086519199616704388e-18 3.923986679556896689e-18 3.040984686393935254e-18 2.389406471409665191e-18 1.924738812408967335e-18 1.592227016941370728e-18 1.248878098401665094e-18 9.949441480745537875e-19 7.310500530215261690e-19 4.599941243672583817e-19
9.001221014073628976e-16 5.817627873071274054e-17 1.541963067084012928e-17 7.346765574703791096e-18 6.197127761222811975e-18 2.974849891887769273e-18 2.323073544946787803e-18 1.777905560295207024e-18 1.415428579662416268e-18 1.100035884519032139e-18 9.160817069996295642e-19 7.462646071200732125e-19 5.886034700281931765e-19 4.259476513380444951e-19 2.603201672632509915e-19
5.957706744694766370e-16 4.025884363292500988e-17 1.058080464332185634e-17 5.086519199616704388e-18 2.974849891887769273e-18 3.001290087314524485e-18 1.610538606844478201e-18 1.244197414339353986e-18 9.736898009121395641e-19 7.805363112091571047e-19 6.383948134064717060e-19 5.066909529630634573e-19 4.000609234848226613e-19 2.946451008599736266e-19 1.825068252603314572e-19
4.743723021516593716e-16 3.145272767575279269e-17 8.202488167175662418e-18 3.923986679556896689e-18 2.323073544946787803e-18 1.610538606844478201e-18 1.789012223985058759e-18 9.566372746876428603e-19 7.542986546260081417e-19 6.069167787180628759e-19 5.019886983386911879e-19 3.960047087148930672e-19 3.132429526381421920e-19 2.318597425979274111e-19 1.457019160733804417e-19
3.612955176400032787e-16 2.382115856846389468e-17 6.333088574003540777e-18 3.040984686393935254e-18 1.777905560295207024e-18 1.244197414339353986e-18 9.566372746876428603e-19 1.051359120549794092e-18 5.865264130239479981e-19 4.671251510418419846e-19 3.832492564353388535e-19 3.051361884829843132e-19 2.371856953397378415e-19 1.781655441366523885e-19 1.087883284781012652e-19
2.961303881935614011e-16 1.911643651317788687e-17 5.100593278752675237e-18 2.389406471409665191e-18 1.415428579662416268e-18 9.736898009121395641e-19 7.542986546260081417e-19 5.865264130239479981e-19 6.650970195134075553e-19 3.752176162721441999e-19 3.064009537842772172e-19 2.430408659301487361e-19 1.907432725950870224e-19 1.403773001706454226e-19 8.819134382289541711e-20
2.288423833027576781e-16 1.532479355618415241e-17 4.047343501232478429e-18 1.924738812408967335e-18 1.100035884519032139e-18 7.805363112091571047e-19 6.069167787180628759e-19 4.671251510418419846e-19 3.752176162721441999e-19 4.173887884428543673e-19 2.438547880975731226e-19 1.938539701537454768e-19 1.543241326048593994e-19 1.113003010663463397e-19 7.031148546760823752e-20
1.884497482045876161e-16 1.260085518513088731e-17 3.310424746034385807e-18 1.592227016941370728e-18 9.160817069996295642e-19 6.383948134064717060e-19 5.019886983386911879e-19 3.832492564353388535e-19 3.064009537842772172e-19 2.438547880975731226e-19 2.815858897871199752e-19 1.601080706906494502e-19 1.256751356551141726e-19 9.148343931111982063e-20 5.853026103279378875e-20
1.498235434545288592e-16 9.963456235172822688e-18 2.669040232326693279e-18 1.248878098401665094e-18 7.462646071200732125e-19 5.066909529630634573e-19 3.960047087148930672e-19 3.051361884829843132e-19 2.430408659301487361e-19 1.938539701537454768e-19 1.601080706906494502e-19 1.799739690367024319e-19 1.000592401063124421e-19 7.375916733159973718e-20 4.546284086747532471e-20
1.178965687429520744e-16 7.905720527859135407e-18 2.072038729406151076e-18 9.949441480745537875e-19 5.886034700281931765e-19 4.000609234848226613e-19 3.132429526381421920e-19 2.371856953397378415e-19 1.907432725950870224e-19 1.543241326048593994e-19 1.256751356551141726e-19 1.000592401063124421e-19 1.137624310936898783e-19 5.835796331992002341e-20 3.698930335723144671e-20
8.603756876973841682e-17 5.752536591826626354e-18 1.532241056692993332e-18 7.310500530215261690e-19 4.259476513380444951e-19 2.946451008599736266e-19 2.318597425979274111e-19 1.781655441366523885e-19 1.403773001706454226e-19 1.113003010663463397e-19 9.148343931111982063e-20 7.375916733159973718e-20 5.835796331992002341e-20 6.699150227905725873e-20 2.610664310253044696e-20
5.679755741242308012e-17 3.633464105843784752e-18 9.561914434186257765e-19 4.599941243672583817e-19 2.603201672632509915e-19 1.825068252603314572e-19 1.457019160733804417e-19 1.087883284781012652e-19 8.819134382289541711e-20 7.031148546760823752e-20 5.853026103279378875e-20 4.546284086747532471e-20 3.698930335723144671e-20 2.610664310253044696e-20 3.637680642419107283e-20
