2.673887771600019452e-12 3.567965504877911128e-14 1.203712016993793974e-14 6.701169189907826468e-15 4.266119916403481373e-15 2.895574528949978218e-15 1.973909934398050391e-15 1.404079259270271975e-15 1.020538115206455704e-15 7.413962596501339371e-16 5.540002989301639729e-16 4.354470608832856746e-16 3.226286465806302183e-16 2.325953186995134224e-16 1.450759774646625490e-16
3.567965504877911128e-14 1.186804017559193306e-15 3.504889468239378165e-16 1.958174456944174535e-16 1.251278181051792755e-16 8.681188921903091296e-17 5.925992990893474840e-17 4.208335443429859213e-17 3.088317989819616553e-17 2.261913260544743818e-17 1.684110603201223962e-17 1.330597431940516474e-17 9.612561271924276532e-18 6.894088160629408138e-18 4.376703366096822293e-18
1.203712016993793974e-14 3.504889468239378165e-16 1.573239126696130780e-16 7.028135909025363730e-17 4.418959092916720323e-17 3.101960393498332194e-17 2.102895857635023917e-17 1.487775066322124680e-17 1.093493851943602042e-17 8.141354785009287026e-18 6.009842132786778807e-18 4.791557595836219928e-18 3.466985013365821817e-18 2.464934252352660276e-18 1.544771609817808777e-18
6.701169189907826468e-15 1.958174456944174535e-16 7.028135909025363730e-17 5.021023512795656781e-17 2.494013414492564038e-17 1.719230752036660053e-17 1.178852725269755867e-17 8.391994604816102644e-18 6.196360843553435177e-18 4.510541048430569150e-18 3.358731347493286116e-18 2.653064683381502781e-18 1.925001327371819561e-18 1.374195702121482048e-18 8.891317933616248086e-19
4.266119916403481373e-15 1.251278181051792755e-16 4.418959092916720323e-17 2.494013414492564038e-17 2.015521109374538698e-17 1.097169853690563247e-17 7.453236360599592527e-18 5.382108453755035995e-18 3.919197168299884034e-18 2.883539131599702461e-18 2.124538415939097324e-18 1.693942713528969540e-18 1.230956180282398758e-18 8.745644385967339804e-19 5.548157276392443546e-19
2.895574528949978218e-15 8.681188921903091296e-17 3.101960393498332194e-17 1.719230752036660053e-17 1.097169853690563247e-17 9.454854114981011125e-18 5.196282591076796346e-18 3.696978621201208232e-18 2.709170567144059607e-18 2.006438914348689775e-18 1.476169624934520202e-18 1.172317779903205230e-18 8.441184420415298673e-19 6.046604426238350275e-19 3.848013303437205202e-19
1.973909934398050391e-15 5.925992990893474840e-17 2.102895857635023917e-17 1.178852725269755867e-17 7.453236360599592527e-18 5.196282591076796346e-18 4.447836545241274826e-18 2.521451674721598898e-18 1.854796094507909933e-18 1.372899610866130944e-18 1.007716906695331547e-18 7.991498600341326200e-19 5.798545035856409601e-19 4.162973490215202418e-19 2.624091760265725494e-19
1.404079259270271975e-15 4.208335443429859213e-17 1.487775066322124680e-17 8.391994604816102644e-18 5.382108453755035995e-18 3.696978621201208232e-18 2.521451674721598898e-18 2.260919255905269721e-18 1.326669234027795958e-18 9.737190514691941654e-19 7.182409970374293786e-19 5.704177279962552633e-19 4.121659627837518676e-19 2.926983170116706284e-19 1.862171120718818151e-19
1.020538115206455704e-15 3.088317989819616553e-17 1.093493851943602042e-17 6.196360843553435177e-18 3.919197168299884034e-18 2.709170567144059607e-18 1.854796094507909933e-18 1.326669234027795958e-18 1.218008193390082275e-18 7.184999530545928339e-19 5.310696173351499264e-19 4.210925046156595529e-19 3.032363147709413172e-19 2.185001670785987009e-19 1.370838685036500632e-19
7.413962596501339371e-16 2.261913260544743818e-17 8.141354785009287026e-18 4.510541048430569150e-18 2.883539131599702461e-18 2.006438914348689775e-18 1.372899610866130944e-18 9.737190514691941654e-19 7.184999530545928339e-19 6.628109210042429564e-19 3.874041535524399143e-19 3.098230133846670834e-19 2.242327069934802066e-19 1.590901443210825939e-19 1.012340140227513215e-19
5.540002989301639729e-16 1.684110603201223962e-17 6.009842132786778807e-18 3.358731347493286116e-18 2.124538415939097324e-18 1.476169624934520202e-18 1.007716906695331547e-18 7.182409970374293786e-19 5.310696173351499264e-19 3.874041535524399143e-19 3.711110940029000425e-19 2.288642702928403742e-19 1.649269049552780375e-19 1.192032653040084376e-19 7.513771523868546769e-20
4.354470608832856746e-16 1.330597431940516474e-17 4.791557595836219928e-18 2.653064683381502781e-18 1.693942713528969540e-18 1.172317779903205230e-18 7.991498600341326200e-19 5.704177279962552633e-19 4.210925046156595529e-19 3.098230133846670834e-19 2.288642702928403742e-19 2.331277880914650061e-19 1.319147337831728285e-19 9.516733133622498754e-20 5.868821599076850598e-20
3.226286465806302183e-16 9.612561271924276532e-18 3.466985013365821817e-18 1.925001327371819561e-18 1.230956180282398758e-18 8.441184420415298673e-19 5.798545035856409601e-19 4.121659627837518676e-19 3.032363147709413172e-19 2.242327069934802066e-19 1.649269049552780375e-19 1.319147337831728285e-19 1.279036706945776978e-19 6.684644123558599533e-20 4.186225783658349849e-20
2.325953186995134224e-16 6.894088160629408138e-18 2.464934252352660276e-18 1.374195702121482048e-18 8.745644385967339804e-19 6.046604426238350275e-19 4.162973490215202418e-19 2.926983170116706284e-19 2.185001670785987009e-19 1.590901443210825939e-19 1.192032653040084376e-19 9.516733133622498754e-20 6.684644123558599533e-20 7.124682807885054343e-20 3.027052688410648691e-20
1.450759774646625490e-16 4.376703366096822293e-18 1.544771609817808777e-18 8.891317933616248086e-19 5.548157276392443546e-19 3.848013303437205202e-19 2.624091760265725494e-19 1.862171120718818151e-19 1.370838685036500632e-19 1.012340140227513215e-19 7.513771523868546769e-20 5.868821599076850598e-20 4.186225783658349849e-20 3.027052688410648691e-20 3.562511397406735672e-20
