1.784823596595127063e-14 2.496727604387268742e-15 8.180531345532536511e-16 5.173638144599812174e-16 2.847808222798127149e-16 1.555654528499635091e-16 1.039047989310481837e-16 7.021746893639597168e-17 5.154424583427524691e-17 3.587250574020351762e-17 2.922414516553987518e-17 2.142074260633077752e-17 1.693658324299211310e-17 1.144619322025740995e-17 7.437430293892208116e-18
2.496727604387268742e-15 1.519653891805751957e-15 4.550316034962233753e-16 2.903432183328664389e-16 1.482881812684722595e-16 7.792726768230275023e-17 5.446371840973196426e-17 3.740277509349333634e-17 2.642088046683132214e-17 1.935023810926521375e-17 1.511552096398918064e-17 1.144205790556596703e-17 8.735174850290611629e-18 6.360142085004015056e-18 4.041715880617135293e-18
8.180531345532536511e-16 4.550316034962233753e-16 2.034667010897522583e-16 1.061941016655329942e-16 5.292866237607787583e-17 2.829132208513183344e-17 1.956064708139479831e-17 1.364099705575434375e-17 9.583165661052673625e-18 6.957782527068350773e-18 5.412661683263042544e-18 4.117824511065906718e-18 3.150321496722624603e-18 2.286063551225244690e-18 1.442296496475243131e-18
5.173638144599812174e-16 2.903432183328664389e-16 1.061941016655329942e-16 7.692213755268134933e-17 3.383244540002597545e-17 1.786368373052049876e-17 1.246798435154781851e-17 8.624805857907158885e-18 6.037888583401562971e-18 4.441806847251174439e-18 3.458167369647550022e-18 2.593983363230822815e-18 2.010642298016540900e-18 1.449855023020111859e-18 9.240590375160750673e-19
2.847808222798127149e-16 1.482881812684722595e-16 5.292866237607787583e-17 3.383244540002597545e-17 2.033849183918930943e-17 9.088653661620298851e-18 6.293662386427600413e-18 4.431714302096440871e-18 3.084535310617781187e-18 2.272050524099362773e-18 1.759500974062787738e-18 1.331440529993643098e-18 1.019343160282183372e-18 7.369160428784277997e-19 4.711869752660054260e-19
1.555654528499635091e-16 7.792726768230275023e-17 2.829132208513183344e-17 1.786368373052049876e-17 9.088653661620298851e-18 5.932208766467600696e-18 3.346262801421952944e-18 2.325872154921402476e-18 1.622034013685034261e-18 1.186486936084387494e-18 9.252031954170132252e-19 6.993841551046887448e-19 5.337924598021945464e-19 3.857981467963066418e-19 2.464856331422312860e-19
1.039047989310481837e-16 5.446371840973196426e-17 1.956064708139479831e-17 1.246798435154781851e-17 6.293662386427600413e-18 3.346262801421952944e-18 2.887013182061313026e-18 1.604415175348565834e-18 1.132482445779057207e-18 8.230832974813677943e-19 6.356583507931323390e-19 4.843605090349460750e-19 3.743359609207288193e-19 2.710211894415118262e-19 1.761528040540281910e-19
7.021746893639597168e-17 3.740277509349333634e-17 1.364099705575434375e-17 8.624805857907158885e-18 4.431714302096440871e-18 2.325872154921402476e-18 1.604415175348565834e-18 1.403650881363120577e-18 7.894516853868536896e-19 5.756984585800376359e-19 4.525332538608661564e-19 3.407070363088539368e-19 2.593301505289601973e-19 1.876313076088418138e-19 1.167772011724091992e-19
5.154424583427524691e-17 2.642088046683132214e-17 9.583165661052673625e-18 6.037888583401562971e-18 3.084535310617781187e-18 1.622034013685034261e-18 1.132482445779057207e-18 7.894516853868536896e-19 7.114203177968434559e-19 4.042495808628309182e-19 3.159569832576343569e-19 2.377148293426664650e-19 1.822001120118507525e-19 1.318457586529503896e-19 8.355471212710732909e-20
3.587250574020351762e-17 1.935023810926521375e-17 6.957782527068350773e-18 4.441806847251174439e-18 2.272050524099362773e-18 1.186486936084387494e-18 8.230832974813677943e-19 5.756984585800376359e-19 4.042495808628309182e-19 3.880065352701799691e-19 2.295380666404117317e-19 1.736215673125664946e-19 1.343212529322022988e-19 9.675740377703117060e-20 6.097687721509903438e-20
2.922414516553987518e-17 1.511552096398918064e-17 5.412661683263042544e-18 3.458167369647550022e-18 1.759500974062787738e-18 9.252031954170132252e-19 6.356583507931323390e-19 4.525332538608661564e-19 3.159569832576343569e-19 2.295380666404117317e-19 2.353938682391810687e-19 1.351313136013123761e-19 1.036360778525887829e-19 7.419436507216593281e-20 4.758308413050046391e-20
2.142074260633077752e-17 1.144205790556596703e-17 4.117824511065906718e-18 2.593983363230822815e-18 1.331440529993643098e-18 6.993841551046887448e-19 4.843605090349460750e-19 3.407070363088539368e-19 2.377148293426664650e-19 1.736215673125664946e-19 1.351313136013123761e-19 1.397286976908286793e-19 7.806799436978048303e-20 5.727481463245639878e-20 3.622462743875623153e-20
1.693658324299211310e-17 8.735174850290611629e-18 3.150321496722624603e-18 2.010642298016540900e-18 1.019343160282183372e-18 5.337924598021945464e-19 3.743359609207288193e-19 2.593301505289601973e-19 1.822001120118507525e-19 1.343212529322022988e-19 1.036360778525887829e-19 7.806799436978048303e-20 8.438591186040227082e-20 4.300408205821863494e-20 2.824003886897269963e-20
1.144619322025740995e-17 6.360142085004015056e-18 2.286063551225244690e-18 1.449855023020111859e-18 7.369160428784277997e-19 3.857981467963066418e-19 2.710211894415118262e-19 1.876313076088418138e-19 1.318457586529503896e-19 9.675740377703117060e-20 7.419436507216593281e-20 5.727481463245639878e-20 4.300408205821863494e-20 4.922713238395902007e-20 2.011010205395507164e-20
7.437430293892208116e-18 4.041715880617135293e-18 1.442296496475243131e-18 9.240590375160750673e-19 4.711869752660054260e-19 2.464856331422312860e-19 1.761528040540281910e-19 1.167772011724091992e-19 8.355471212710732909e-20 6.097687721509903438e-20 4.758308413050046391e-20 3.622462743875623153e-20 2.824003886897269963e-20 2.011010205395507164e-20 2.570682212481183506e-20
