1.993446480843890409e-13 9.473597434146469483e-15 2.524579085145954513e-15 1.101862633278355882e-15 6.359674451799698636e-16 4.261844250100614742e-16 3.052830769778516758e-16 2.369011610342510802e-16 1.866077787620219145e-16 1.521005554407553677e-16 1.273096551443550670e-16 1.055003623042347344e-16 8.191093152809581727e-17 6.137083963841461766e-17 4.225500895229387013e-17
9.473597434146469483e-15 9.215298021274383926e-16 2.207757027962967672e-16 9.672438527344647566e-17 5.466676819876331925e-17 3.681829831601593008e-17 2.724330608183979592e-17 2.089888882511517928e-17 1.668760476356201433e-17 1.311929610882121370e-17 1.103046040785028725e-17 9.108603572972183701e-18 7.206288182992196318e-18 5.324833671604528247e-18 3.669103511646147500e-18
2.524579085145954513e-15 2.207757027962967672e-16 7.048108555401070563e-17 2.564980355876913084e-17 1.475434048239130997e-17 9.861161003183563864e-18 7.263839251483474037e-18 5.575009988671672869e-18 4.453633644453163444e-18 3.513174773881333629e-18 2.962954325552991363e-18 2.439598648628990473e-18 1.917067608807691803e-18 1.429832042996318282e-18 9.665530887809110901e-19
1.101862633278355882e-15 9.672438527344647566e-17 2.564980355876913084e-17 1.488323048303675959e-17 6.510482229206948442e-18 4.352184091094991800e-18 3.195638772082714015e-18 2.475052898722455388e-18 1.946150192775552801e-18 1.540369975457001611e-18 1.307533068771954677e-18 1.089083681089799114e-18 8.445967981482672571e-19 6.202273137181916490e-19 4.364199470693196168e-19
6.359674451799698636e-16 5.466676819876331925e-17 1.475434048239130997e-17 6.510482229206948442e-18 5.335634625626081102e-18 2.489675037613996338e-18 1.819864142924925264e-18 1.417858879697877416e-18 1.105734472224664674e-18 8.972898445135622098e-19 7.510938415263873116e-19 6.157994761978576238e-19 4.806157853530785930e-19 3.524684406556498430e-19 2.497851000627535340e-19
4.261844250100614742e-16 3.681829831601593008e-17 9.861161003183563864e-18 4.352184091094991800e-18 2.489675037613996338e-18 2.470211514329021947e-18 1.230331200638076823e-18 9.341668544080336858e-19 7.650701252895047510e-19 5.891225499309997240e-19 4.929239150206158477e-19 4.067539643573947485e-19 3.257651842450128415e-19 2.369155273221607720e-19 1.618889931879065183e-19
3.052830769778516758e-16 2.724330608183979592e-17 7.263839251483474037e-18 3.195638772082714015e-18 1.819864142924925264e-18 1.230331200638076823e-18 1.346278260597673668e-18 6.987714258360791388e-19 5.509780490716023534e-19 4.399698710245594855e-19 3.707700772580245582e-19 3.030624273305404663e-19 2.371231588530091866e-19 1.761976851062123411e-19 1.210975543070314100e-19
2.369011610342510802e-16 2.089888882511517928e-17 5.575009988671672869e-18 2.475052898722455388e-18 1.417858879697877416e-18 9.341668544080336858e-19 6.987714258360791388e-19 8.109467747148967536e-19 4.200112251103790592e-19 3.352095744740047581e-19 2.856103852501563143e-19 2.376612757603305130e-19 1.816547388783786006e-19 1.335675776152487311e-19 9.337006220462272172e-20
1.866077787620219145e-16 1.668760476356201433e-17 4.453633644453163444e-18 1.946150192775552801e-18 1.105734472224664674e-18 7.650701252895047510e-19 5.509780490716023534e-19 4.200112251103790592e-19 5.106230187166689154e-19 2.654253496065353318e-19 2.223151671594374692e-19 1.839085360332925390e-19 1.474497885454221663e-19 1.076510443188498227e-19 7.359460564588155990e-20
1.521005554407553677e-16 1.311929610882121370e-17 3.513174773881333629e-18 1.540369975457001611e-18 8.972898445135622098e-19 5.891225499309997240e-19 4.399698710245594855e-19 3.352095744740047581e-19 2.654253496065353318e-19 3.269829299063149781e-19 1.809686374920724627e-19 1.498498962178121549e-19 1.148106468737893027e-19 8.586263244481232951e-20 5.824553376327366023e-20
1.273096551443550670e-16 1.103046040785028725e-17 2.962954325552991363e-18 1.307533068771954677e-18 7.510938415263873116e-19 4.929239150206158477e-19 3.707700772580245582e-19 2.856103852501563143e-19 2.223151671594374692e-19 1.809686374920724627e-19 2.279195374271366120e-19 1.239265710433915585e-19 9.676846798254516561e-20 7.250634194735549586e-20 4.938263224189550425e-20
1.055003623042347344e-16 9.108603572972183701e-18 2.439598648628990473e-18 1.089083681089799114e-18 6.157994761978576238e-19 4.067539643573947485e-19 3.030624273305404663e-19 2.376612757603305130e-19 1.839085360332925390e-19 1.498498962178121549e-19 1.239265710433915585e-19 1.552949288008139261e-19 7.933926082519894778e-20 5.957423795057464992e-20 4.109335029909033557e-20
8.191093152809581727e-17 7.206288182992196318e-18 1.917067608807691803e-18 8.445967981482672571e-19 4.806157853530785930e-19 3.257651842450128415e-19 2.371231588530091866e-19 1.816547388783786006e-19 1.474497885454221663e-19 1.148106468737893027e-19 9.676846798254516561e-20 7.933926082519894778e-20 1.001096337295210875e-19 4.764671609097118982e-20 3.136679745552543437e-20
6.137083963841461766e-17 5.324833671604528247e-18 1.429832042996318282e-18 6.202273137181916490e-19 3.524684406556498430e-19 2.369155273221607720e-19 1.761976851062123411e-19 1.335675776152487311e-19 1.076510443188498227e-19 8.586263244481232951e-20 7.250634194735549586e-20 5.957423795057464992e-20 4.764671609097118982e-20 6.028251991462816374e-20 2.368654220437659459e-20
4.225500895229387013e-17 3.669103511646147500e-18 9.665530887809110901e-19 4.364199470693196168e-19 2.497851000627535340e-19 1.618889931879065183e-19 1.210975543070314100e-19 9.337006220462272172e-20 7.359460564588155990e-20 5.824553376327366023e-20 4.938263224189550425e-20 4.109335029909033557e-20 3.136679745552543437e-20 2.368654220437659459e-20 3.593009640612783589e-20
