2.671616808078540644e-14 4.188311218102493887e-15 1.426328867944051236e-15 5.792897539994281911e-16 2.933741018557437312e-16 1.820318229284411688e-16 1.162769469416680359e-16 8.038536651616273614e-17 5.910573718010903042e-17 4.305034731446184752e-17 3.392635566353880140e-17 2.778551977060470612e-17 2.021368114096147868e-17 1.488631465099902492e-17 9.725480556539219410e-18
4.188311218102493887e-15 1.980124836049837624e-15 5.726632212215180120e-16 2.367098947107591436e-16 1.248821573575953234e-16 7.800114714731982673e-17 4.989152825967410977e-17 3.514153855708516546e-17 2.488126643887989720e-17 1.851505363007371983e-17 1.440732906699016830e-17 1.126149946279374902e-17 8.506719489733354415e-18 6.217998987494747425e-18 3.994585570648200653e-18
1.426328867944051236e-15 5.726632212215180120e-16 2.130442261355323975e-16 7.758856103898813366e-17 4.045765955270490697e-17 2.536975363176555935e-17 1.626062829935223375e-17 1.157463068255724444e-17 8.163878252310324348e-18 6.024133159793599603e-18 4.707997694053644719e-18 3.749255368734994359e-18 2.778242278766105031e-18 2.037220872866273239e-18 1.303165124713456876e-18
5.792897539994281911e-16 2.367098947107591436e-16 7.758856103898813366e-17 3.818507274948440171e-17 1.706712629523409066e-17 1.056018425047688706e-17 6.778280676228223510e-18 4.789457415425024963e-18 3.386576288009268409e-18 2.496448615229644543e-18 1.948546747624393506e-18 1.549380801522614395e-18 1.160061430578213118e-18 8.289477106796948014e-19 5.329444948068777310e-19
2.933741018557437312e-16 1.248821573575953234e-16 4.045765955270490697e-17 1.706712629523409066e-17 1.081728400518986691e-17 5.564942263013415541e-18 3.539430585433519282e-18 2.513933628791406217e-18 1.762191890352619952e-18 1.296283191277825420e-18 1.020992630256431100e-18 8.082028921801936510e-19 6.043181667690098677e-19 4.387457831596568613e-19 2.736098654247029831e-19
1.820318229284411688e-16 7.800114714731982673e-17 2.536975363176555935e-17 1.056018425047688706e-17 5.564942263013415541e-18 4.334407238063310142e-18 2.225834653793366783e-18 1.563205560957445256e-18 1.113122077420126883e-18 8.147760092691898394e-19 6.373172145193693865e-19 5.121543443689014914e-19 3.772392551856137101e-19 2.782811994635371108e-19 1.762787169721323158e-19
1.162769469416680359e-16 4.989152825967410977e-17 1.626062829935223375e-17 6.778280676228223510e-18 3.539430585433519282e-18 2.225834653793366783e-18 1.835734529201129597e-18 1.002634982671434367e-18 7.109783541030637145e-19 5.254842690787345569e-19 4.054330940609227065e-19 3.263225277520833529e-19 2.432244149119583838e-19 1.751679361081075535e-19 1.118828451573554971e-19
8.038536651616273614e-17 3.514153855708516546e-17 1.157463068255724444e-17 4.789457415425024963e-18 2.513933628791406217e-18 1.563205560957445256e-18 1.002634982671434367e-18 9.229599206640219673e-19 5.003724117829316164e-19 3.712189960726751122e-19 2.894058436884160927e-19 2.284851232693001474e-19 1.678778710518415242e-19 1.251603371022042436e-19 7.717881473543952801e-20
5.910573718010903042e-17 2.488126643887989720e-17 8.163878252310324348e-18 3.386576288009268409e-18 1.762191890352619952e-18 1.113122077420126883e-18 7.109783541030637145e-19 5.003724117829316164e-19 4.708132004367658581e-19 2.581621635092001114e-19 2.040343342762838187e-19 1.608625483114800636e-19 1.210131929541300701e-19 8.886054070644006796e-20 5.594452997749299616e-20
4.305034731446184752e-17 1.851505363007371983e-17 6.024133159793599603e-18 2.496448615229644543e-18 1.296283191277825420e-18 8.147760092691898394e-19 5.254842690787345569e-19 3.712189960726751122e-19 2.581621635092001114e-19 2.689052296689395207e-19 1.501140819350651506e-19 1.183664338814830357e-19 8.690623231151290250e-20 6.461886909381854838e-20 4.130177001780605526e-20
3.392635566353880140e-17 1.440732906699016830e-17 4.707997694053644719e-18 1.948546747624393506e-18 1.020992630256431100e-18 6.373172145193693865e-19 4.054330940609227065e-19 2.894058436884160927e-19 2.040343342762838187e-19 1.501140819350651506e-19 1.648471709557004740e-19 9.432635059786990883e-20 6.904731730180034364e-20 5.104588335908045625e-20 3.276631566134306007e-20
2.778551977060470612e-17 1.126149946279374902e-17 3.749255368734994359e-18 1.549380801522614395e-18 8.082028921801936510e-19 5.121543443689014914e-19 3.263225277520833529e-19 2.284851232693001474e-19 1.608625483114800636e-19 1.183664338814830357e-19 9.432635059786990883e-20 1.052361143939011602e-19 5.552249973385185937e-20 4.037362609700600237e-20 2.573133605199590602e-20
2.021368114096147868e-17 8.506719489733354415e-18 2.778242278766105031e-18 1.160061430578213118e-18 6.043181667690098677e-19 3.772392551856137101e-19 2.432244149119583838e-19 1.678778710518415242e-19 1.210131929541300701e-19 8.690623231151290250e-20 6.904731730180034364e-20 5.552249973385185937e-20 6.266684298500179590e-20 3.022458918467381226e-20 1.899453766765839888e-20
1.488631465099902492e-17 6.217998987494747425e-18 2.037220872866273239e-18 8.289477106796948014e-19 4.387457831596568613e-19 2.782811994635371108e-19 1.751679361081075535e-19 1.251603371022042436e-19 8.886054070644006796e-20 6.461886909381854838e-20 5.104588335908045625e-20 4.037362609700600237e-20 3.022458918467381226e-20 3.773970358955470210e-20 1.375840508806096689e-20
9.725480556539219410e-18 3.994585570648200653e-18 1.303165124713456876e-18 5.329444948068777310e-19 2.736098654247029831e-19 1.762787169721323158e-19 1.118828451573554971e-19 7.717881473543952801e-20 5.594452997749299616e-20 4.130177001780605526e-20 3.276631566134306007e-20 2.573133605199590602e-20 1.899453766765839888e-20 1.375840508806096689e-20 2.081835528882814606e-20
