1.987820045349485466e-13 9.470183922422665671e-15 2.523031049839491366e-15 1.102411278784652556e-15 6.370439063186430082e-16 4.258938934953454379e-16 3.049042743783087331e-16 2.363029870638402042e-16 1.845419380425098585e-16 1.504459519670367946e-16 1.252457384929007568e-16 1.028522528860380805e-16 8.028413488587019508e-17 6.059093128340959736e-17 4.064438069697511395e-17
9.470183922422665671e-15 9.209818496255844187e-16 2.208146826504567807e-16 9.685466474252316822e-17 5.491046031631864002e-17 3.665557727150925093e-17 2.709950256395460764e-17 2.077062537680833034e-17 1.649811854804636333e-17 1.304793891170428025e-17 1.099342451272601349e-17 8.987252808987480448e-18 7.073979788764757133e-18 5.244323384265763597e-18 3.604334696391232842e-18
2.523031049839491366e-15 2.208146826504567807e-16 7.011739125944980897e-17 2.573955960652913123e-17 1.480989599520568445e-17 9.874713100260310773e-18 7.268058975307566526e-18 5.572255395347600109e-18 4.420497352443929908e-18 3.512698595735670809e-18 2.954822452081852311e-18 2.409400483625572406e-18 1.893534646183600267e-18 1.405031286751178364e-18 9.528742565812425513e-19
1.102411278784652556e-15 9.685466474252316822e-17 2.573955960652913123e-17 1.463592212023891498e-17 6.517214362571917820e-18 4.340129341419140199e-18 3.176733847493006913e-18 2.447262663229465204e-18 1.935760293541158296e-18 1.526890534946290961e-18 1.296474740029502275e-18 1.069866923581843211e-18 8.282314676311178524e-19 6.157383582701845616e-19 4.231285449180324801e-19
6.370439063186430082e-16 5.491046031631864002e-17 1.480989599520568445e-17 6.517214362571917820e-18 5.224843811056666124e-18 2.492637936133986807e-18 1.821182539825106290e-18 1.413565572764745046e-18 1.104796302959721571e-18 8.891962633337060004e-19 7.432939929756579485e-19 6.106231220457635059e-19 4.766838738526660515e-19 3.501466013351329504e-19 2.452638516829887726e-19
4.258938934953454379e-16 3.665557727150925093e-17 9.874713100260310773e-18 4.340129341419140199e-18 2.492637936133986807e-18 2.364826360147485143e-18 1.228128717175900121e-18 9.296219451191325740e-19 7.505327472245148836e-19 5.846452478277164731e-19 4.935141685174277236e-19 4.011416864616294716e-19 3.183250424617766476e-19 2.344466179951786226e-19 1.591113381488761626e-19
3.049042743783087331e-16 2.709950256395460764e-17 7.268058975307566526e-18 3.176733847493006913e-18 1.821182539825106290e-18 1.228128717175900121e-18 1.287533184710033519e-18 6.910986606161172309e-19 5.417711691948940587e-19 4.368665485193869090e-19 3.689508927024000424e-19 2.990701173970477245e-19 2.312533051179374312e-19 1.733164252259599594e-19 1.181223114191789820e-19
2.363029870638402042e-16 2.077062537680833034e-17 5.572255395347600109e-18 2.447262663229465204e-18 1.413565572764745046e-18 9.296219451191325740e-19 6.910986606161172309e-19 7.618158542250453187e-19 4.139319176746988055e-19 3.293327305897692775e-19 2.811965701878913652e-19 2.306702976328421536e-19 1.781936475588738120e-19 1.312264089609223651e-19 9.072230125207212907e-20
1.845419380425098585e-16 1.649811854804636333e-17 4.420497352443929908e-18 1.935760293541158296e-18 1.104796302959721571e-18 7.505327472245148836e-19 5.417711691948940587e-19 4.139319176746988055e-19 4.755362996426201348e-19 2.634167730623891424e-19 2.219483837528945985e-19 1.812884569836926106e-19 1.434241482567655713e-19 1.049278563043065701e-19 7.043926784564246903e-20
1.504459519670367946e-16 1.304793891170428025e-17 3.512698595735670809e-18 1.526890534946290961e-18 8.891962633337060004e-19 5.846452478277164731e-19 4.368665485193869090e-19 3.293327305897692775e-19 2.634167730623891424e-19 3.007448757268317249e-19 1.781225635534239531e-19 1.458357819105772264e-19 1.137494999029563382e-19 8.406563140143211891e-20 5.622912352776619667e-20
1.252457384929007568e-16 1.099342451272601349e-17 2.954822452081852311e-18 1.296474740029502275e-18 7.432939929756579485e-19 4.935141685174277236e-19 3.689508927024000424e-19 2.811965701878913652e-19 2.219483837528945985e-19 1.781225635534239531e-19 2.057194423728182826e-19 1.220432017444430801e-19 9.493540493829881289e-20 7.017890567064004621e-20 4.789134543916745809e-20
1.028522528860380805e-16 8.987252808987480448e-18 2.409400483625572406e-18 1.069866923581843211e-18 6.106231220457635059e-19 4.011416864616294716e-19 2.990701173970477245e-19 2.306702976328421536e-19 1.812884569836926106e-19 1.458357819105772264e-19 1.220432017444430801e-19 1.365283954419609461e-19 7.717827765142059984e-20 5.777386080157848287e-20 4.000111499669117479e-20
8.028413488587019508e-17 7.073979788764757133e-18 1.893534646183600267e-18 8.282314676311178524e-19 4.766838738526660515e-19 3.183250424617766476e-19 2.312533051179374312e-19 1.781936475588738120e-19 1.434241482567655713e-19 1.137494999029563382e-19 9.493540493829881289e-20 7.717827765142059984e-20 8.644717822930026812e-20 4.552266022010479054e-20 3.062036258600310880e-20
6.059093128340959736e-17 5.244323384265763597e-18 1.405031286751178364e-18 6.157383582701845616e-19 3.501466013351329504e-19 2.344466179951786226e-19 1.733164252259599594e-19 1.312264089609223651e-19 1.049278563043065701e-19 8.406563140143211891e-20 7.017890567064004621e-20 5.777386080157848287e-20 4.552266022010479054e-20 4.998793279747530904e-20 2.273850460096556032e-20
4.064438069697511395e-17 3.604334696391232842e-18 9.528742565812425513e-19 4.231285449180324801e-19 2.452638516829887726e-19 1.591113381488761626e-19 1.181223114191789820e-19 9.072230125207212907e-20 7.043926784564246903e-20 5.622912352776619667e-20 4.789134543916745809e-20 4.000111499669117479e-20 3.062036258600310880e-20 2.273850460096556032e-20 2.783467908112065197e-20
