2.795440018560198526e-14 4.556032146035762938e-15 1.507076602083284865e-15 6.369789840747517831e-16 3.281477297205211574e-16 1.924002003610050050e-16 1.232192321496225219e-16 9.014314917326647068e-17 6.365537069483999157e-17 4.554613479392364833e-17 3.722039840263392556e-17 3.054021646181870298e-17 2.327752476939129751e-17 1.758951634712111306e-17 1.007791903452679871e-17
4.556032146035762938e-15 1.966900294407834874e-15 5.746400869536387723e-16 2.392728089999988739e-16 1.231587119677558417e-16 7.206440490257802229e-17 4.731468394531804633e-17 3.311614653753358142e-17 2.429995017938078980e-17 1.698706697148873364e-17 1.377977574179735530e-17 1.097279026064275630e-17 8.654194915047902574e-18 6.679579649957626567e-18 3.987516755485482658e-18
1.507076602083284865e-15 5.746400869536387723e-16 2.089215650328456437e-16 7.784574052356849956e-17 3.947682277905995961e-17 2.337066203024734150e-17 1.530598368921148326e-17 1.078275579531910891e-17 7.824450047662524448e-18 5.555520617529029979e-18 4.463892763322396082e-18 3.598263056372955458e-18 2.829194133915248651e-18 2.179656087176547505e-18 1.268958531966557664e-18
6.369789840747517831e-16 2.392728089999988739e-16 7.784574052356849956e-17 3.829678055842420859e-17 1.663188114431539431e-17 9.876801781547094572e-18 6.480983556627687510e-18 4.510247694147119760e-18 3.271187080328237036e-18 2.328908846209935481e-18 1.876398298282457014e-18 1.529739583749163790e-18 1.196543564251294286e-18 9.179736692854683309e-19 5.343503716940549507e-19
3.281477297205211574e-16 1.231587119677558417e-16 3.947682277905995961e-17 1.663188114431539431e-17 1.054762300906114945e-17 5.064298635515144726e-18 3.296560449306495409e-18 2.341700312154920318e-18 1.712594942732960148e-18 1.197835743056130815e-18 9.614638638929720766e-19 7.733189888145119686e-19 5.981642258128961635e-19 4.666972801272075111e-19 2.671392826327512496e-19
1.924002003610050050e-16 7.206440490257802229e-17 2.337066203024734150e-17 9.876801781547094572e-18 5.064298635515144726e-18 3.898197068842122144e-18 1.956696882422750808e-18 1.375855780775992819e-18 1.001034408238148186e-18 7.117800971852817046e-19 5.729321732710950758e-19 4.571960089597825808e-19 3.610602033990228526e-19 2.820071174245972883e-19 1.567119376752404621e-19
1.232192321496225219e-16 4.731468394531804633e-17 1.530598368921148326e-17 6.480983556627687510e-18 3.296560449306495409e-18 1.956696882422750808e-18 1.766332905240130313e-18 8.994954970411119657e-19 6.643250194253818462e-19 4.621119527627075363e-19 3.721239300669600873e-19 3.018941359885495255e-19 2.346672799661001114e-19 1.820909801411082885e-19 1.047742043450133323e-19
9.014314917326647068e-17 3.311614653753358142e-17 1.078275579531910891e-17 4.510247694147119760e-18 2.341700312154920318e-18 1.375855780775992819e-18 8.994954970411119657e-19 8.922849311754686978e-19 4.592847424250068428e-19 3.176767830292097832e-19 2.587762780987122437e-19 2.073849519757300533e-19 1.646583818105526061e-19 1.276720475096766341e-19 7.425705099971508650e-20
6.365537069483999157e-17 2.429995017938078980e-17 7.824450047662524448e-18 3.271187080328237036e-18 1.712594942732960148e-18 1.001034408238148186e-18 6.643250194253818462e-19 4.592847424250068428e-19 5.026169666065170806e-19 2.367340023113762932e-19 1.895770382389125934e-19 1.542147650433761915e-19 1.179583741597700610e-19 9.383963702603769144e-20 5.477951945836362984e-20
4.554613479392364833e-17 1.698706697148873364e-17 5.555520617529029979e-18 2.328908846209935481e-18 1.197835743056130815e-18 7.117800971852817046e-19 4.621119527627075363e-19 3.176767830292097832e-19 2.367340023113762932e-19 2.769783425607146940e-19 1.328446305295943311e-19 1.081609303927268556e-19 8.828981635621045261e-20 6.443039088952585256e-20 3.716325681688210444e-20
3.722039840263392556e-17 1.377977574179735530e-17 4.463892763322396082e-18 1.876398298282457014e-18 9.614638638929720766e-19 5.729321732710950758e-19 3.721239300669600873e-19 2.587762780987122437e-19 1.895770382389125934e-19 1.328446305295943311e-19 1.810252597056740144e-19 8.629546672161594852e-20 6.812146215149528435e-20 5.357339280311679083e-20 3.061641319780513599e-20
3.054021646181870298e-17 1.097279026064275630e-17 3.598263056372955458e-18 1.529739583749163790e-18 7.733189888145119686e-19 4.571960089597825808e-19 3.018941359885495255e-19 2.073849519757300533e-19 1.542147650433761915e-19 1.081609303927268556e-19 8.629546672161594852e-20 1.242438364856778935e-19 5.406540433701954190e-20 4.206304204955447589e-20 2.365574542203362632e-20
2.327752476939129751e-17 8.654194915047902574e-18 2.829194133915248651e-18 1.196543564251294286e-18 5.981642258128961635e-19 3.610602033990228526e-19 2.346672799661001114e-19 1.646583818105526061e-19 1.179583741597700610e-19 8.828981635621045261e-20 6.812146215149528435e-20 5.406540433701954190e-20 8.182093931323057185e-20 3.368053713461968110e-20 1.932077625963668636e-20
1.758951634712111306e-17 6.679579649957626567e-18 2.179656087176547505e-18 9.179736692854683309e-19 4.666972801272075111e-19 2.820071174245972883e-19 1.820909801411082885e-19 1.276720475096766341e-19 9.383963702603769144e-20 6.443039088952585256e-20 5.357339280311679083e-20 4.206304204955447589e-20 3.368053713461968110e-20 5.547798418766751419e-20 1.497912711955929679e-20
1.007791903452679871e-17 3.987516755485482658e-18 1.268958531966557664e-18 5.343503716940549507e-19 2.671392826327512496e-19 1.567119376752404621e-19 1.047742043450133323e-19 7.425705099971508650e-20 5.477951945836362984e-20 3.716325681688210444e-20 3.061641319780513599e-20 2.365574542203362632e-20 1.932077625963668636e-20 1.497912711955929679e-20 3.278934567118936592e-20
