8.688837031783504701e-13 1.837856618358788994e-14 4.985136903099152233e-15 2.531708663348597119e-15 1.608551499304514788e-15 1.186046447640085982e-15 8.611541822803102617e-16 6.673644773843687131e-16 5.011389261395284022e-16 3.859873010341738976e-16 3.051338902192612557e-16 2.425967280902552477e-16 1.853470949228374224e-16 1.296453097641834951e-16 8.549428606608518024e-17
1.837856618358788994e-14 8.893158009658850294e-16 2.194473190071250319e-16 1.115021250357222343e-16 7.288956195483849672e-17 5.293040048921998509e-17 3.814057334106928900e-17 2.935838661819613005e-17 2.198391468495398478e-17 1.750159294497646316e-17 1.367811618592199636e-17 1.076481659650948075e-17 8.192820171118945953e-18 5.776718352574480522e-18 3.774248206268508345e-18
4.985136903099152233e-15 2.194473190071250319e-16 8.041368008817927840e-17 3.194612035153112045e-17 2.061013315678659669e-17 1.500562698530215664e-17 1.078405561691291209e-17 8.372723316144937614e-18 6.406357421123221736e-18 4.970700092395210324e-18 3.919735427469506443e-18 3.079406462476468125e-18 2.317189295831462482e-18 1.636326533683073627e-18 1.063305414898599753e-18
2.531708663348597119e-15 1.115021250357222343e-16 3.194612035153112045e-17 2.222516345684055966e-17 1.073087835081100399e-17 7.746870212309912535e-18 5.606271665313987142e-18 4.319542161984601519e-18 3.281697804338304138e-18 2.548520260401057938e-18 2.010526258182315008e-18 1.580513964131390668e-18 1.204164503516894749e-18 8.476379130821355140e-19 5.371248220490957155e-19
1.608551499304514788e-15 7.288956195483849672e-17 2.061013315678659669e-17 1.073087835081100399e-17 9.325969653250650440e-18 5.065477397057094600e-18 3.627339507439964368e-18 2.827434082239768221e-18 2.129502376313114741e-18 1.667797974445009971e-18 1.308724173113421427e-18 1.023494652402232465e-18 7.868061530974326143e-19 5.538210544548350049e-19 3.568430931155441758e-19
1.186046447640085982e-15 5.293040048921998509e-17 1.500562698530215664e-17 7.746870212309912535e-18 5.065477397057094600e-18 4.866677375355551075e-18 2.658497057146748046e-18 2.052627534463241987e-18 1.557600117157016838e-18 1.209670098565334958e-18 9.455528826662019782e-19 7.491733168179151539e-19 5.701094169421709579e-19 4.013773500503959059e-19 2.570975540657503417e-19
8.611541822803102617e-16 3.814057334106928900e-17 1.078405561691291209e-17 5.606271665313987142e-18 3.627339507439964368e-18 2.658497057146748046e-18 2.545460607386407517e-18 1.471644608841144730e-18 1.125897654558490736e-18 8.738048454366957589e-19 6.930522259982761220e-19 5.428003837798138964e-19 4.147316532400779103e-19 2.935521909055073384e-19 1.883153039463363099e-19
6.673644773843687131e-16 2.935838661819613005e-17 8.372723316144937614e-18 4.319542161984601519e-18 2.827434082239768221e-18 2.052627534463241987e-18 1.471644608841144730e-18 1.470179444698108479e-18 8.666971837231224426e-19 6.706280195905238835e-19 5.343761783742881397e-19 4.203967060521118565e-19 3.193870192742536174e-19 2.215252443453295576e-19 1.400390651740002774e-19
5.011389261395284022e-16 2.198391468495398478e-17 6.406357421123221736e-18 3.281697804338304138e-18 2.129502376313114741e-18 1.557600117157016838e-18 1.125897654558490736e-18 8.666971837231224426e-19 8.366141284501554687e-19 5.113089069713796533e-19 4.017267403545478659e-19 3.145333412080976070e-19 2.412557531146014375e-19 1.697813694702063600e-19 1.063338060018957665e-19
3.859873010341738976e-16 1.750159294497646316e-17 4.970700092395210324e-18 2.548520260401057938e-18 1.667797974445009971e-18 1.209670098565334958e-18 8.738048454366957589e-19 6.706280195905238835e-19 5.113089069713796533e-19 5.037917757401878002e-19 3.141490368212438337e-19 2.455649113165708275e-19 1.878852829607501873e-19 1.315238907416014771e-19 8.483605949486205811e-20
3.051338902192612557e-16 1.367811618592199636e-17 3.919735427469506443e-18 2.010526258182315008e-18 1.308724173113421427e-18 9.455528826662019782e-19 6.930522259982761220e-19 5.343761783742881397e-19 4.017267403545478659e-19 3.141490368212438337e-19 3.133801605080903354e-19 1.948214160164500795e-19 1.493224424084245959e-19 1.056190722789258209e-19 6.697810665424151930e-20
2.425967280902552477e-16 1.076481659650948075e-17 3.079406462476468125e-18 1.580513964131390668e-18 1.023494652402232465e-18 7.491733168179151539e-19 5.428003837798138964e-19 4.203967060521118565e-19 3.145333412080976070e-19 2.455649113165708275e-19 1.948214160164500795e-19 1.940089246023429680e-19 1.165488518005320978e-19 8.239007165758448308e-20 5.256387407765094873e-20
1.853470949228374224e-16 8.192820171118945953e-18 2.317189295831462482e-18 1.204164503516894749e-18 7.868061530974326143e-19 5.701094169421709579e-19 4.147316532400779103e-19 3.193870192742536174e-19 2.412557531146014375e-19 1.878852829607501873e-19 1.493224424084245959e-19 1.165488518005320978e-19 1.125524129919568121e-19 6.229032559676098509e-20 4.004684351115790400e-20
1.296453097641834951e-16 5.776718352574480522e-18 1.636326533683073627e-18 8.476379130821355140e-19 5.538210544548350049e-19 4.013773500503959059e-19 2.935521909055073384e-19 2.215252443453295576e-19 1.697813694702063600e-19 1.315238907416014771e-19 1.056190722789258209e-19 8.239007165758448308e-20 6.229032559676098509e-20 5.972798116738177751e-20 2.832487490733324503e-20
8.549428606608518024e-17 3.774248206268508345e-18 1.063305414898599753e-18 5.371248220490957155e-19 3.568430931155441758e-19 2.570975540657503417e-19 1.883153039463363099e-19 1.400390651740002774e-19 1.063338060018957665e-19 8.483605949486205811e-20 6.697810665424151930e-20 5.256387407765094873e-20 4.004684351115790400e-20 2.832487490733324503e-20 2.962783564103244570e-20
