8.792631078447994322e-14 7.307976660773224783e-15 1.932739600227601752e-15 8.402765293630366803e-16 4.518313042263780626e-16 2.798857936924684888e-16 1.953845476539989374e-16 1.382554885968878925e-16 1.043455094281234632e-16 8.342672071520411763e-17 7.380685948544822673e-17 5.885261244366928699e-17 4.605257633883451619e-17 3.550014186816812840e-17 2.413979848322821007e-17
7.307976660773224783e-15 1.155071208305733094e-15 2.807169873876938704e-16 1.206449901634082598e-16 6.501824380574622663e-17 3.977672152938744134e-17 2.804013574791821286e-17 1.961860312153060895e-17 1.494807910494089132e-17 1.200399035989156811e-17 1.039820773556558757e-17 8.535120021863107042e-18 6.655532133336489123e-18 5.049582204271916058e-18 3.454022586578059496e-18
1.932739600227601752e-15 2.807169873876938704e-16 8.805629278387309760e-17 3.256529162503904554e-17 1.765432446482998440e-17 1.080555762434129787e-17 7.591187816921199428e-18 5.382677722527401618e-18 4.086574690306702597e-18 3.316314614977751975e-18 2.831692224969810993e-18 2.301299955909341269e-18 1.815248129781799380e-18 1.366990778589098259e-18 9.464757364717122702e-19
8.402765293630366803e-16 1.206449901634082598e-16 3.256529162503904554e-17 1.737393006111306092e-17 7.499073759767683946e-18 4.614750502099851228e-18 3.264139019503216214e-18 2.294923955234779310e-18 1.743111368554467168e-18 1.430546471050786215e-18 1.209527261500017340e-18 9.996537480399753285e-19 7.880692633795901283e-19 5.803711085691736072e-19 4.070383788238103814e-19
4.518313042263780626e-16 6.501824380574622663e-17 1.765432446482998440e-17 7.499073759767683946e-18 5.302692423965419118e-18 2.472532165828278897e-18 1.746845727426645652e-18 1.232922261720904308e-18 9.473927811743082286e-19 7.595049712440205508e-19 6.508994489743498389e-19 5.366398524701977239e-19 4.235573210434906614e-19 3.122633054955632521e-19 2.162038317081857644e-19
2.798857936924684888e-16 3.977672152938744134e-17 1.080555762434129787e-17 4.614750502099851228e-18 2.472532165828278897e-18 2.118584487894347292e-18 1.086643470446215779e-18 7.577080137452756019e-19 5.815620036165069306e-19 4.649402407223991224e-19 4.058701694961521824e-19 3.336947182508732815e-19 2.574862705271278576e-19 1.939277946001196611e-19 1.344445387834576833e-19
1.953845476539989374e-16 2.804013574791821286e-17 7.591187816921199428e-18 3.264139019503216214e-18 1.746845727426645652e-18 1.086643470446215779e-18 1.069192106084919562e-18 5.309640636459063853e-19 4.066605427597101106e-19 3.265184683762626948e-19 2.836743097009663294e-19 2.295001648970749625e-19 1.814635042888563411e-19 1.371809190323349390e-19 9.318026588693555334e-20
1.382554885968878925e-16 1.961860312153060895e-17 5.382677722527401618e-18 2.294923955234779310e-18 1.232922261720904308e-18 7.577080137452756019e-19 5.309640636459063853e-19 5.616418392216508602e-19 2.869996729473560457e-19 2.317144920819809736e-19 1.983258137079892910e-19 1.619898331648831762e-19 1.262794200896163451e-19 9.730658788787287513e-20 6.529201999203107751e-20
1.043455094281234632e-16 1.494807910494089132e-17 4.086574690306702597e-18 1.743111368554467168e-18 9.473927811743082286e-19 5.815620036165069306e-19 4.066605427597101106e-19 2.869996729473560457e-19 3.345424844207898208e-19 1.780568119786002416e-19 1.506611837811678450e-19 1.240548727402998048e-19 9.747808489661319833e-20 7.425399888614377976e-20 4.954131508185336664e-20
8.342672071520411763e-17 1.200399035989156811e-17 3.316314614977751975e-18 1.430546471050786215e-18 7.595049712440205508e-19 4.649402407223991224e-19 3.265184683762626948e-19 2.317144920819809736e-19 1.780568119786002416e-19 2.206150701384751151e-19 1.224686162897927523e-19 1.018154022929443603e-19 7.934660250373851646e-20 5.964865529868796335e-20 4.070897071960042996e-20
7.380685948544822673e-17 1.039820773556558757e-17 2.831692224969810993e-18 1.209527261500017340e-18 6.508994489743498389e-19 4.058701694961521824e-19 2.836743097009663294e-19 1.983258137079892910e-19 1.506611837811678450e-19 1.224686162897927523e-19 1.564641645433872537e-19 8.903818910540513562e-20 6.792741201800526335e-20 5.228353501990700961e-20 3.480471753914258536e-20
5.885261244366928699e-17 8.535120021863107042e-18 2.301299955909341269e-18 9.996537480399753285e-19 5.366398524701977239e-19 3.336947182508732815e-19 2.295001648970749625e-19 1.619898331648831762e-19 1.240548727402998048e-19 1.018154022929443603e-19 8.903818910540513562e-20 1.057328409900211098e-19 5.665658945463424101e-20 4.124445458314399474e-20 2.870914592486698843e-20
4.605257633883451619e-17 6.655532133336489123e-18 1.815248129781799380e-18 7.880692633795901283e-19 4.235573210434906614e-19 2.574862705271278576e-19 1.814635042888563411e-19 1.262794200896163451e-19 9.747808489661319833e-20 7.934660250373851646e-20 6.792741201800526335e-20 5.665658945463424101e-20 6.890225013250806999e-20 3.325510691981729645e-20 2.211196603390909389e-20
3.550014186816812840e-17 5.049582204271916058e-18 1.366990778589098259e-18 5.803711085691736072e-19 3.122633054955632521e-19 1.939277946001196611e-19 1.371809190323349390e-19 9.730658788787287513e-20 7.425399888614377976e-20 5.964865529868796335e-20 5.228353501990700961e-20 4.124445458314399474e-20 3.325510691981729645e-20 4.194913086303806694e-20 1.669816252410207113e-20
2.413979848322821007e-17 3.454022586578059496e-18 9.464757364717122702e-19 4.070383788238103814e-19 2.162038317081857644e-19 1.344445387834576833e-19 9.318026588693555334e-20 6.529201999203107751e-20 4.954131508185336664e-20 4.070897071960042996e-20 3.480471753914258536e-20 2.870914592486698843e-20 2.211196603390909389e-20 1.669816252410207113e-20 2.465729760029639139e-20
