1.150629426131899417e-13 7.897783182225005590e-15 2.056374648542737127e-15 8.812557222969638944e-16 4.916095159709779291e-16 3.156895899473295649e-16 2.217755605914294199e-16 1.674446119350230440e-16 1.260572996182335893e-16 1.027007076974152698e-16 8.610071991448140351e-17 7.282720478651037844e-17 5.635156633696358996e-17 4.457145074005896847e-17 2.971314975550720536e-17
7.897783182225005590e-15 1.100159769379066041e-15 2.544485688986367619e-16 1.090810473660971828e-16 6.105942245080566576e-17 3.798555324466781569e-17 2.706171043159614538e-17 2.061877062052385137e-17 1.560242786413083597e-17 1.275436445212331377e-17 1.041529582846382703e-17 8.840448343295910216e-18 6.942063194815337888e-18 5.394152299745761246e-18 3.568972701940152974e-18
2.056374648542737127e-15 2.544485688986367619e-16 7.776343027995913422e-17 2.850226551846353946e-17 1.600166407867416966e-17 9.897101417459181168e-18 7.114333818879130373e-18 5.392206287913409418e-18 4.085000073371333635e-18 3.313180031555370631e-18 2.755593826319062570e-18 2.338741438538483976e-18 1.828591724791929573e-18 1.417345793925105025e-18 9.200542127128574873e-19
8.812557222969638944e-16 1.090810473660971828e-16 2.850226551846353946e-17 1.545722689019039751e-17 6.850321869013563746e-18 4.311840394860526795e-18 3.073138912948751591e-18 2.341220245188771279e-18 1.774462883085793748e-18 1.444606542382229585e-18 1.189481230021051615e-18 1.007102657304653607e-18 8.085437665419021300e-19 6.063597940174359787e-19 3.870520405805403442e-19
4.916095159709779291e-16 6.105942245080566576e-17 1.600166407867416966e-17 6.850321869013563746e-18 5.320155144425129100e-18 2.426255835017022316e-18 1.703116128757545210e-18 1.302445945821293587e-18 1.007103965025005698e-18 8.214103286584773042e-19 6.685378130510499419e-19 5.662659969931954726e-19 4.520148413239511227e-19 3.406580191340380079e-19 2.277400969688196426e-19
3.156895899473295649e-16 3.798555324466781569e-17 9.897101417459181168e-18 4.311840394860526795e-18 2.426255835017022316e-18 2.234484306915547712e-18 1.088128233546877831e-18 8.129372620207090232e-19 6.229483689200844805e-19 5.101633832519949166e-19 4.132370367893934302e-19 3.549402963889438451e-19 2.824466336855977653e-19 2.131480199068940494e-19 1.405067497014870424e-19
2.217755605914294199e-16 2.706171043159614538e-17 7.114333818879130373e-18 3.073138912948751591e-18 1.703116128757545210e-18 1.088128233546877831e-18 1.163001865690319217e-18 5.761615618240265642e-19 4.393201915492868809e-19 3.576892918812473230e-19 2.942924872326589145e-19 2.538815407271548451e-19 1.976909715803570647e-19 1.480278933744322266e-19 9.644348428862317660e-20
1.674446119350230440e-16 2.061877062052385137e-17 5.392206287913409418e-18 2.341220245188771279e-18 1.302445945821293587e-18 8.129372620207090232e-19 5.761615618240265642e-19 6.961890278003958211e-19 3.341547645283214467e-19 2.729227412246202175e-19 2.273229634790805905e-19 1.921731150552733157e-19 1.523755225142273126e-19 1.142687617243325929e-19 7.673650550209954824e-20
1.260572996182335893e-16 1.560242786413083597e-17 4.085000073371333635e-18 1.774462883085793748e-18 1.007103965025005698e-18 6.229483689200844805e-19 4.393201915492868809e-19 3.341547645283214467e-19 4.115479248444789228e-19 2.070516926148513626e-19 1.736206629323626439e-19 1.460986677296422159e-19 1.146788596882752042e-19 8.864200138604339138e-20 5.669838501351409292e-20
1.027007076974152698e-16 1.275436445212331377e-17 3.313180031555370631e-18 1.444606542382229585e-18 8.214103286584773042e-19 5.101633832519949166e-19 3.576892918812473230e-19 2.729227412246202175e-19 2.070516926148513626e-19 2.755475433279123312e-19 1.405275379904146247e-19 1.193403619094312437e-19 9.367269419946749125e-20 7.053250252396062664e-20 4.756935663798866116e-20
8.610071991448140351e-17 1.041529582846382703e-17 2.755593826319062570e-18 1.189481230021051615e-18 6.685378130510499419e-19 4.132370367893934302e-19 2.942924872326589145e-19 2.273229634790805905e-19 1.736206629323626439e-19 1.405275379904146247e-19 1.861614242535672499e-19 9.833939045194913421e-20 7.800942448310306953e-20 5.900517658314761292e-20 3.790553117753777290e-20
7.282720478651037844e-17 8.840448343295910216e-18 2.338741438538483976e-18 1.007102657304653607e-18 5.662659969931954726e-19 3.549402963889438451e-19 2.538815407271548451e-19 1.921731150552733157e-19 1.460986677296422159e-19 1.193403619094312437e-19 9.833939045194913421e-20 1.338241234711613317e-19 6.580339962053088353e-20 4.909545313164523860e-20 3.234329150951668687e-20
5.635156633696358996e-17 6.942063194815337888e-18 1.828591724791929573e-18 8.085437665419021300e-19 4.520148413239511227e-19 2.824466336855977653e-19 1.976909715803570647e-19 1.523755225142273126e-19 1.146788596882752042e-19 9.367269419946749125e-20 7.800942448310306953e-20 6.580339962053088353e-20 8.780540742656018314e-20 3.963448108545425774e-20 2.592880942822478390e-20
4.457145074005896847e-17 5.394152299745761246e-18 1.417345793925105025e-18 6.063597940174359787e-19 3.406580191340380079e-19 2.131480199068940494e-19 1.480278933744322266e-19 1.142687617243325929e-19 8.864200138604339138e-20 7.053250252396062664e-20 5.900517658314761292e-20 4.909545313164523860e-20 3.963448108545425774e-20 5.662117483045798560e-20 1.951839396040529734e-20
2.971314975550720536e-17 3.568972701940152974e-18 9.200542127128574873e-19 3.870520405805403442e-19 2.277400969688196426e-19 1.405067497014870424e-19 9.644348428862317660e-20 7.673650550209954824e-20 5.669838501351409292e-20 4.756935663798866116e-20 3.790553117753777290e-20 3.234329150951668687e-20 2.592880942822478390e-20 1.951839396040529734e-20 3.408498696164048268e-20
