2.532017490411986386e-11 2.286957029705518576e-13 8.537787848816526722e-14 4.000520526880933590e-14 2.180843380416989524e-14 1.303276002854285793e-14 8.146994486575031262e-15 5.348132699521655948e-15 3.740506384304116976e-15 2.711225538996429787e-15 1.995704648472336954e-15 1.495898784881483838e-15 1.091390205973227494e-15 7.607154168706771414e-16 5.065992677784041220e-16
2.286957029705518576e-13 7.268935719399920728e-15 2.425254519582301395e-15 1.166882662859948607e-15 6.385993890179285946e-16 3.780307442044025830e-16 2.366916487510687639e-16 1.585525184155463194e-16 1.110783260902445024e-16 7.826162472958617746e-17 5.759777641248923172e-17 4.358540435315033244e-17 3.172775377208588421e-17 2.220764540317199592e-17 1.369782666998888295e-17
8.537787848816526722e-14 2.425254519582301395e-15 1.063735739246162924e-15 4.467668363457694276e-16 2.448332468103558403e-16 1.447769665055897862e-16 9.028316433671244560e-17 6.112000319070201314e-17 4.208051284867157553e-17 2.997897862083839390e-17 2.203558265290569825e-17 1.671304713424712602e-17 1.211819624020276497e-17 8.511403317371082859e-18 5.297573615222351231e-18
4.000520526880933590e-14 1.166882662859948607e-15 4.467668363457694276e-16 2.476849134678000649e-16 1.173201939714180616e-16 6.935442698603797747e-17 4.350482821123466048e-17 2.924976201486947631e-17 2.048349210531974528e-17 1.447235060118624270e-17 1.064519789779080733e-17 8.057025604599742264e-18 5.822853814280125835e-18 4.079727414749378542e-18 2.528406004686888535e-18
2.180843380416989524e-14 6.385993890179285946e-16 2.448332468103558403e-16 1.173201939714180616e-16 7.405472206070948354e-17 3.794992028511735107e-17 2.385442552401092052e-17 1.603028206517070489e-17 1.119189528337478450e-17 7.898659531514151854e-18 5.803983208675535520e-18 4.425360961043523350e-18 3.197811686641195113e-18 2.239002561313202476e-18 1.389655974661787835e-18
1.303276002854285793e-14 3.780307442044025830e-16 1.447769665055897862e-16 6.935442698603797747e-17 3.794992028511735107e-17 2.625966844732494372e-17 1.413372273401290620e-17 9.554821088969595601e-18 6.621062028742482408e-18 4.697048031762398309e-18 3.458131182961183438e-18 2.618495742639871638e-18 1.892386271735668072e-18 1.328867349541577391e-18 8.196104603536527382e-19
8.146994486575031262e-15 2.366916487510687639e-16 9.028316433671244560e-17 4.350482821123466048e-17 2.385442552401092052e-17 1.413372273401290620e-17 1.032850516057743594e-17 5.973946161161650697e-18 4.135330043863122905e-18 2.932706170627721400e-18 2.147505622792612036e-18 1.639430640395923256e-18 1.185463161516891558e-18 8.266722137318225845e-19 5.128772140331737550e-19
5.348132699521655948e-15 1.585525184155463194e-16 6.112000319070201314e-17 2.924976201486947631e-17 1.603028206517070489e-17 9.554821088969595601e-18 5.973946161161650697e-18 4.729273060696333188e-18 2.810106904704611400e-18 1.980982192404040700e-18 1.465970576281937121e-18 1.118840796049365256e-18 7.950322506025969571e-19 5.586404565145428843e-19 3.448210994424557705e-19
3.740506384304116976e-15 1.110783260902445024e-16 4.208051284867157553e-17 2.048349210531974528e-17 1.119189528337478450e-17 6.621062028742482408e-18 4.135330043863122905e-18 2.810106904704611400e-18 2.296754139421565105e-18 1.378075215377944845e-18 1.022441906675805057e-18 7.691541313991981350e-19 5.548443373510630888e-19 3.892148833128639516e-19 2.423792261876967962e-19
2.711225538996429787e-15 7.826162472958617746e-17 2.997897862083839390e-17 1.447235060118624270e-17 7.898659531514151854e-18 4.697048031762398309e-18 2.932706170627721400e-18 1.980982192404040700e-18 1.378075215377944845e-18 1.156887399551693671e-18 7.188970061159876616e-19 5.421749675150436762e-19 3.902913387875379175e-19 2.763773376487753802e-19 1.708273436377325610e-19
1.995704648472336954e-15 5.759777641248923172e-17 2.203558265290569825e-17 1.064519789779080733e-17 5.803983208675535520e-18 3.458131182961183438e-18 2.147505622792612036e-18 1.465970576281937121e-18 1.022441906675805057e-18 7.188970061159876616e-19 6.317284932033168910e-19 4.007810674134157840e-19 2.878591343271981180e-19 2.020906356031241520e-19 1.245861665922377720e-19
1.495898784881483838e-15 4.358540435315033244e-17 1.671304713424712602e-17 8.057025604599742264e-18 4.425360961043523350e-18 2.618495742639871638e-18 1.639430640395923256e-18 1.118840796049365256e-18 7.691541313991981350e-19 5.421749675150436762e-19 4.007810674134157840e-19 3.614327748495355803e-19 2.188543692229150829e-19 1.533140935841086904e-19 9.536746598576310770e-20
1.091390205973227494e-15 3.172775377208588421e-17 1.211819624020276497e-17 5.822853814280125835e-18 3.197811686641195113e-18 1.892386271735668072e-18 1.185463161516891558e-18 7.950322506025969571e-19 5.548443373510630888e-19 3.902913387875379175e-19 2.878591343271981180e-19 2.188543692229150829e-19 1.936468035726431282e-19 1.105492225933966132e-19 6.829869243601380530e-20
7.607154168706771414e-16 2.220764540317199592e-17 8.511403317371082859e-18 4.079727414749378542e-18 2.239002561313202476e-18 1.328867349541577391e-18 8.266722137318225845e-19 5.586404565145428843e-19 3.892148833128639516e-19 2.763773376487753802e-19 2.020906356031241520e-19 1.533140935841086904e-19 1.105492225933966132e-19 9.862621028503198359e-20 4.790133537615243014e-20
5.065992677784041220e-16 1.369782666998888295e-17 5.297573615222351231e-18 2.528406004686888535e-18 1.389655974661787835e-18 8.196104603536527382e-19 5.128772140331737550e-19 3.448210994424557705e-19 2.423792261876967962e-19 1.708273436377325610e-19 1.245861665922377720e-19 9.536746598576310770e-20 6.829869243601380530e-20 4.790133537615243014e-20 4.468741030080482945e-20
