5.086384417977330921e-14 5.211333811623003534e-15 1.596919656887245770e-15 6.830840652883440497e-16 3.607283702372497634e-16 2.199135803551749632e-16 1.456495093605261770e-16 1.033098941738357885e-16 7.769719381361566405e-17 6.000558815395450442e-17 4.889437656754684124e-17 3.960737070568831407e-17 3.236611877428301104e-17 2.569581677680710744e-17 1.575812248347621590e-17
5.211333811623003534e-15 1.295703312535183519e-15 3.330381749439695936e-16 1.467233544267925230e-16 7.616797526678185749e-17 4.606976703115942986e-17 3.075814654664097509e-17 2.206599909758410466e-17 1.603199055639217932e-17 1.239707237327095045e-17 1.034329522367051995e-17 8.415310757545940626e-18 6.779700191736998914e-18 5.299101394598619494e-18 3.403915767342747298e-18
1.596919656887245770e-15 3.330381749439695936e-16 1.127551561078198929e-16 4.322281412249046351e-17 2.247957209108198177e-17 1.366303700550339495e-17 9.101865993390923835e-18 6.548435281731456789e-18 4.669598600633452775e-18 3.691575828928826483e-18 3.016734500223975646e-18 2.486172508630226368e-18 1.990476506521725182e-18 1.550767432708204322e-18 9.880089117417957802e-19
6.830840652883440497e-16 1.467233544267925230e-16 4.322281412249046351e-17 2.312639206708693284e-17 9.946572926380562117e-18 6.032584930238891766e-18 4.043630015867490862e-18 2.884534979481303955e-18 2.102467932589418612e-18 1.646114510719366785e-18 1.311438582489632840e-18 1.089735676079281916e-18 8.832007513011198168e-19 6.829917290838161190e-19 4.395612247599374474e-19
3.607283702372497634e-16 7.616797526678185749e-17 2.247957209108198177e-17 9.946572926380562117e-18 6.598733624291476700e-18 3.126702031082628321e-18 2.071748286405693751e-18 1.483682952701817259e-18 1.072562823035459574e-18 8.430754022553689826e-19 6.982415214834821070e-19 5.666810685420936131e-19 4.619440056419378329e-19 3.590187200911933336e-19 2.268022494104453303e-19
2.199135803551749632e-16 4.606976703115942986e-17 1.366303700550339495e-17 6.032584930238891766e-18 3.126702031082628321e-18 2.618647265685885615e-18 1.255821938689350209e-18 9.175197855077838596e-19 6.633615316135067802e-19 5.071152078478737427e-19 4.226694540811443236e-19 3.439847705867970600e-19 2.802198858488128575e-19 2.117188432483230022e-19 1.365309699360461653e-19
1.456495093605261770e-16 3.075814654664097509e-17 9.101865993390923835e-18 4.043630015867490862e-18 2.071748286405693751e-18 1.255821938689350209e-18 1.218181133253191987e-18 6.011782711617125823e-19 4.330268085318551424e-19 3.354176256349564994e-19 2.818415022133381800e-19 2.329462013774102350e-19 1.873991658682889869e-19 1.428286529367291359e-19 9.227879815992992127e-20
1.033098941738357885e-16 2.206599909758410466e-17 6.548435281731456789e-18 2.884534979481303955e-18 1.483682952701817259e-18 9.175197855077838596e-19 6.011782711617125823e-19 6.659552439150519264e-19 3.152114631377183771e-19 2.454466490235662101e-19 2.014151459487614470e-19 1.629402565961422730e-19 1.311702150015247010e-19 1.032381460817954233e-19 6.616349518764616632e-20
7.769719381361566405e-17 1.603199055639217932e-17 4.669598600633452775e-18 2.102467932589418612e-18 1.072562823035459574e-18 6.633615316135067802e-19 4.330268085318551424e-19 3.152114631377183771e-19 3.674670864437028495e-19 1.756068079758967919e-19 1.460514215463035000e-19 1.205677983353490515e-19 9.362282236467884854e-20 7.332261814391662822e-20 4.821404587927716501e-20
6.000558815395450442e-17 1.239707237327095045e-17 3.691575828928826483e-18 1.646114510719366785e-18 8.430754022553689826e-19 5.071152078478737427e-19 3.354176256349564994e-19 2.454466490235662101e-19 1.756068079758967919e-19 2.337178407109802025e-19 1.130618109981643878e-19 9.580045866596283609e-20 7.448393147632020187e-20 6.023113658536729875e-20 3.691982610514291678e-20
4.889437656754684124e-17 1.034329522367051995e-17 3.016734500223975646e-18 1.311438582489632840e-18 6.982415214834821070e-19 4.226694540811443236e-19 2.818415022133381800e-19 2.014151459487614470e-19 1.460514215463035000e-19 1.130618109981643878e-19 1.611367726607159500e-19 7.688233149260843070e-20 6.213908538201664159e-20 4.922652876420107312e-20 3.058285303368456456e-20
3.960737070568831407e-17 8.415310757545940626e-18 2.486172508630226368e-18 1.089735676079281916e-18 5.666810685420936131e-19 3.439847705867970600e-19 2.329462013774102350e-19 1.629402565961422730e-19 1.205677983353490515e-19 9.580045866596283609e-20 7.688233149260843070e-20 1.110515747712807631e-19 5.059485860066727559e-20 4.065011214966016551e-20 2.432151473198223833e-20
3.236611877428301104e-17 6.779700191736998914e-18 1.990476506521725182e-18 8.832007513011198168e-19 4.619440056419378329e-19 2.802198858488128575e-19 1.873991658682889869e-19 1.311702150015247010e-19 9.362282236467884854e-20 7.448393147632020187e-20 6.213908538201664159e-20 5.059485860066727559e-20 7.651695863804333478e-20 3.225670589414883903e-20 1.965980220874053227e-20
2.569581677680710744e-17 5.299101394598619494e-18 1.550767432708204322e-18 6.829917290838161190e-19 3.590187200911933336e-19 2.117188432483230022e-19 1.428286529367291359e-19 1.032381460817954233e-19 7.332261814391662822e-20 6.023113658536729875e-20 4.922652876420107312e-20 4.065011214966016551e-20 3.225670589414883903e-20 5.232778791365786776e-20 1.576698575933664308e-20
1.575812248347621590e-17 3.403915767342747298e-18 9.880089117417957802e-19 4.395612247599374474e-19 2.268022494104453303e-19 1.365309699360461653e-19 9.227879815992992127e-20 6.616349518764616632e-20 4.821404587927716501e-20 3.691982610514291678e-20 3.058285303368456456e-20 2.432151473198223833e-20 1.965980220874053227e-20 1.576698575933664308e-20 3.179332477751596763e-20
