1.810977026449423995e-14 2.527092239617287485e-15 8.224798113253511456e-16 5.202887136047797345e-16 2.862889234613419505e-16 1.554376101943577540e-16 1.023787413778401398e-16 7.250056342044669273e-17 5.135285257296523620e-17 3.691636610399636504e-17 2.973926583299260101e-17 2.256679721514664086e-17 1.828230040328253833e-17 1.211274724059475725e-17 7.597618815233066851e-18
2.527092239617287485e-15 1.534242275905075542e-15 4.567162531576977307e-16 2.905337154877579548e-16 1.488596876862857548e-16 7.792738482720595356e-17 5.425427658479529907e-17 3.803746460504927952e-17 2.625170555793761177e-17 1.964102092597680195e-17 1.567094111755285540e-17 1.199668756402363003e-17 9.446539039993023821e-18 6.850414328939001729e-18 4.183457120956825606e-18
8.224798113253511456e-16 4.567162531576977307e-16 2.064056729844973404e-16 1.061024573790586521e-16 5.300729357128440419e-17 2.821698453311415213e-17 1.947952436768948471e-17 1.383618575715167971e-17 9.554753029063832100e-18 7.153808726398301290e-18 5.627147812635723125e-18 4.297695662179458080e-18 3.336294573278113500e-18 2.449302707215520542e-18 1.480348309716849172e-18
5.202887136047797345e-16 2.905337154877579548e-16 1.061024573790586521e-16 7.742680494550984348e-17 3.381517409533538628e-17 1.780033266165006976e-17 1.230233087074806799e-17 8.667935116867967956e-18 6.006950825381197173e-18 4.532253652460043055e-18 3.572477079754505160e-18 2.720663821752799293e-18 2.131403220759716560e-18 1.548058715153858106e-18 9.673033109784010089e-19
2.862889234613419505e-16 1.488596876862857548e-16 5.300729357128440419e-17 3.381517409533538628e-17 2.084259784892785936e-17 9.087191440750815205e-18 6.267244511430951100e-18 4.489608908137587289e-18 3.055928982715730301e-18 2.313098598010876859e-18 1.822846669537053892e-18 1.390208972308631594e-18 1.086538298794172161e-18 7.993092228725150914e-19 4.764205229157391990e-19
1.554376101943577540e-16 7.792738482720595356e-17 2.821698453311415213e-17 1.780033266165006976e-17 9.087191440750815205e-18 6.199912471170862996e-18 3.314377290978386786e-18 2.350939739829727677e-18 1.607490561301441605e-18 1.196533179641141196e-18 9.638970334986575291e-19 7.335838829666577148e-19 5.679938150150031762e-19 4.174422271090072685e-19 2.526962352620621912e-19
1.023787413778401398e-16 5.425427658479529907e-17 1.947952436768948471e-17 1.230233087074806799e-17 6.267244511430951100e-18 3.314377290978386786e-18 3.003806697058055456e-18 1.608747483006749033e-18 1.116267368168518220e-18 8.255351758408775440e-19 6.539269539521065068e-19 5.017300419459501966e-19 3.952734502407843816e-19 2.874618065538018654e-19 1.825697721596887492e-19
7.250056342044669273e-17 3.803746460504927952e-17 1.383618575715167971e-17 8.667935116867967956e-18 4.489608908137587289e-18 2.350939739829727677e-18 1.608747483006749033e-18 1.537661074802086243e-18 7.987791328316136794e-19 5.956517438414062439e-19 4.691466478719813040e-19 3.608295095856154358e-19 2.806217323308008451e-19 2.043398305973705102e-19 1.223724397109183377e-19
5.135285257296523620e-17 2.625170555793761177e-17 9.554753029063832100e-18 6.006950825381197173e-18 3.055928982715730301e-18 1.607490561301441605e-18 1.116267368168518220e-18 7.987791328316136794e-19 7.862629507203119068e-19 4.107877756448261703e-19 3.294136248188195353e-19 2.485127858802524376e-19 1.933009186585368725e-19 1.374581553026923843e-19 8.812821933450436078e-20
3.691636610399636504e-17 1.964102092597680195e-17 7.153808726398301290e-18 4.532253652460043055e-18 2.313098598010876859e-18 1.196533179641141196e-18 8.255351758408775440e-19 5.956517438414062439e-19 4.107877756448261703e-19 4.581775247382284784e-19 2.466161678388115497e-19 1.868260376851604646e-19 1.463410414232733172e-19 1.072432978677755468e-19 6.456829141093081717e-20
2.973926583299260101e-17 1.567094111755285540e-17 5.627147812635723125e-18 3.572477079754505160e-18 1.822846669537053892e-18 9.638970334986575291e-19 6.539269539521065068e-19 4.691466478719813040e-19 3.294136248188195353e-19 2.466161678388115497e-19 2.929826304634525087e-19 1.480332987091498221e-19 1.142441074631290313e-19 8.350635829414583906e-20 5.124208740523454912e-20
2.256679721514664086e-17 1.199668756402363003e-17 4.297695662179458080e-18 2.720663821752799293e-18 1.390208972308631594e-18 7.335838829666577148e-19 5.017300419459501966e-19 3.608295095856154358e-19 2.485127858802524376e-19 1.868260376851604646e-19 1.480332987091498221e-19 1.846280219598576172e-19 8.650780856512082709e-20 6.318882298794154561e-20 4.051491514037526724e-20
1.828230040328253833e-17 9.446539039993023821e-18 3.336294573278113500e-18 2.131403220759716560e-18 1.086538298794172161e-18 5.679938150150031762e-19 3.952734502407843816e-19 2.806217323308008451e-19 1.933009186585368725e-19 1.463410414232733172e-19 1.142441074631290313e-19 8.650780856512082709e-20 1.199603357212888045e-19 4.746083953802299635e-20 3.111867640402897845e-20
1.211274724059475725e-17 6.850414328939001729e-18 2.449302707215520542e-18 1.548058715153858106e-18 7.993092228725150914e-19 4.174422271090072685e-19 2.874618065538018654e-19 2.043398305973705102e-19 1.374581553026923843e-19 1.072432978677755468e-19 8.350635829414583906e-20 6.318882298794154561e-20 4.746083953802299635e-20 7.594337589450921459e-20 2.233926971534093262e-20
7.597618815233066851e-18 4.183457120956825606e-18 1.480348309716849172e-18 9.673033109784010089e-19 4.764205229157391990e-19 2.526962352620621912e-19 1.825697721596887492e-19 1.223724397109183377e-19 8.812821933450436078e-20 6.456829141093081717e-20 5.124208740523454912e-20 4.051491514037526724e-20 3.111867640402897845e-20 2.233926971534093262e-20 4.475449512318051832e-20
