9.594920825261998348e-14 5.074004326020571465e-16 1.794205128770782698e-16 1.046220069439903068e-16 7.392738306418735680e-17 4.937343694274982030e-17 3.472865148183547977e-17 2.491983859282023313e-17 1.577086136936248871e-17 1.360430375931028913e-17 9.432293448673331779e-18 6.625369675635678619e-18 5.108509715468163601e-18 3.205787689527561325e-18 2.181025215450730967e-18
5.074004326020571465e-16 2.450148888539739936e-17 3.536758391548738352e-18 1.974728472145241249e-18 1.340150442588670557e-18 1.007812520547896227e-18 6.867861428312761342e-19 4.751039382255222526e-19 3.180817286358734043e-19 2.330107026237598140e-19 1.699396656454003340e-19 1.285992823929691956e-19 9.392996087482059597e-20 6.341350849456989553e-20 3.234322713005352828e-20
1.794205128770782698e-16 3.536758391548738352e-18 3.935583839202936618e-18 7.649270386558604747e-19 5.538592798648898543e-19 3.898795646648279306e-19 2.528581145519254312e-19 1.916644853048441183e-19 1.276405054661689436e-19 9.831475387267631325e-20 6.794898863422118662e-20 5.216923275585198695e-20 3.529759655344027884e-20 2.443782836469407087e-20 1.407484454793134500e-20
1.046220069439903068e-16 1.974728472145241249e-18 7.649270386558604747e-19 1.280980436726115298e-18 3.176056921361057032e-19 2.344743685112929226e-19 1.526099470003781723e-19 1.124561167165677947e-19 7.598839149410732157e-20 5.444728104315712736e-20 3.821967540762176779e-20 2.933229057274810973e-20 2.056548094104176280e-20 1.438742382403006391e-20 9.968357309912667105e-21
7.392738306418735680e-17 1.340150442588670557e-18 5.538592798648898543e-19 3.176056921361057032e-19 5.271003900655975646e-19 1.605671362673691883e-19 9.963771697499207606e-20 7.484009237391039418e-20 5.113442876484501909e-20 3.678481039356614095e-20 2.701978658362945224e-20 2.107573776666916415e-20 1.451448043524042835e-20 9.767456032155849022e-21 6.352534811295413315e-21
4.937343694274982030e-17 1.007812520547896227e-18 3.898795646648279306e-19 2.344743685112929226e-19 1.605671362673691883e-19 2.554474716709293809e-19 7.698943434502447335e-20 5.338276765324782851e-20 3.881095629315098826e-20 2.853321527204947743e-20 1.954820382325715351e-20 1.561078011056833550e-20 9.967134566706654317e-21 6.706821048178972263e-21 4.626808268804222521e-21
3.472865148183547977e-17 6.867861428312761342e-19 2.528581145519254312e-19 1.526099470003781723e-19 9.963771697499207606e-20 7.698943434502447335e-20 1.225388740933983689e-19 3.490598255136735985e-20 2.392198826607288819e-20 1.833455863355337916e-20 1.317415543595037380e-20 1.009457037217700150e-20 7.005110356619994066e-21 4.534359897207345489e-21 3.016350139974692150e-21
2.491983859282023313e-17 4.751039382255222526e-19 1.916644853048441183e-19 1.124561167165677947e-19 7.484009237391039418e-20 5.338276765324782851e-20 3.490598255136735985e-20 6.294254243925051199e-20 1.831315843264793958e-20 1.322768227533580514e-20 9.370347010643565250e-21 7.129464704942191642e-21 4.722973431323088547e-21 3.496911330938172717e-21 2.335748063707583716e-21
1.577086136936248871e-17 3.180817286358734043e-19 1.276405054661689436e-19 7.598839149410732157e-20 5.113442876484501909e-20 3.881095629315098826e-20 2.392198826607288819e-20 1.831315843264793958e-20 3.147005912921620874e-20 9.518039860061398598e-21 6.088403286212631731e-21 4.811318506292414293e-21 3.444413391929930919e-21 2.325528343673839709e-21 1.536310877260159915e-21
1.360430375931028913e-17 2.330107026237598140e-19 9.831475387267631325e-20 5.444728104315712736e-20 3.678481039356614095e-20 2.853321527204947743e-20 1.833455863355337916e-20 1.322768227533580514e-20 9.518039860061398598e-21 1.811265660465143629e-20 4.832709440494117528e-21 3.671507398722713153e-21 2.473507144742492036e-21 1.751302241313155289e-21 1.143527566419666261e-21
9.432293448673331779e-18 1.699396656454003340e-19 6.794898863422118662e-20 3.821967540762176779e-20 2.701978658362945224e-20 1.954820382325715351e-20 1.317415543595037380e-20 9.370347010643565250e-21 6.088403286212631731e-21 4.832709440494117528e-21 9.830758823791057272e-21 2.468416001918016404e-21 1.774287873065886477e-21 1.339761634311939712e-21 9.497020088971356781e-22
6.625369675635678619e-18 1.285992823929691956e-19 5.216923275585198695e-20 2.933229057274810973e-20 2.107573776666916415e-20 1.561078011056833550e-20 1.009457037217700150e-20 7.129464704942191642e-21 4.811318506292414293e-21 3.671507398722713153e-21 2.468416001918016404e-21 6.106864373103215615e-21 1.382552444016897674e-21 9.059122177957532190e-22 5.589488998281919171e-22
5.108509715468163601e-18 9.392996087482059597e-20 3.529759655344027884e-20 2.056548094104176280e-20 1.451448043524042835e-20 9.967134566706654317e-21 7.005110356619994066e-21 4.722973431323088547e-21 3.444413391929930919e-21 2.473507144742492036e-21 1.774287873065886477e-21 1.382552444016897674e-21 3.541290171825613809e-21 6.571535574474653927e-22 4.394960524516880923e-22
3.205787689527561325e-18 6.341350849456989553e-20 2.443782836469407087e-20 1.438742382403006391e-20 9.767456032155849022e-21 6.706821048178972263e-21 4.534359897207345489e-21 3.496911330938172717e-21 2.325528343673839709e-21 1.751302241313155289e-21 1.339761634311939712e-21 9.059122177957532190e-22 6.571535574474653927e-22 2.036717902614474569e-21 2.816714464622503386e-22
2.181025215450730967e-18 3.234322713005352828e-20 1.407484454793134500e-20 9.968357309912667105e-21 6.352534811295413315e-21 4.626808268804222521e-21 3.016350139974692150e-21 2.335748063707583716e-21 1.536310877260159915e-21 1.143527566419666261e-21 9.497020088971356781e-22 5.589488998281919171e-22 4.394960524516880923e-22 2.816714464622503386e-22 1.346340706657849024e-21
