5.757015861875748819e-14 3.088108838268169295e-16 7.696288513263135208e-17 4.440896743424954484e-17 3.358568521460121023e-17 2.515251402974500973e-17 1.802499311797990416e-17 1.438190425712914742e-17 1.082312729170904667e-17 9.342473248158444794e-18 6.313753237399753912e-18 5.183579423632694483e-18 3.876822704896785412e-18 2.975186283105867091e-18 1.650016861766688186e-18
3.088108838268169295e-16 2.507048805360331313e-17 3.325197956736417065e-18 1.853385301651773997e-18 1.283050047241155522e-18 1.003738572005811706e-18 6.742118200820674054e-19 5.683518563113397251e-19 4.354249823960389187e-19 3.406859554371354644e-19 2.632489300749530544e-19 1.994419024881190567e-19 1.503141843401164981e-19 1.072900761620116165e-19 7.131868471457939790e-20
7.696288513263135208e-17 3.325197956736417065e-18 2.761649904720175252e-18 5.083147481046983560e-19 3.613628583718578306e-19 2.656714252079245874e-19 1.814119123835198238e-19 1.534391513924139211e-19 1.193874138942795617e-19 9.426250175950487271e-20 7.605023321841332480e-20 5.766422738820506457e-20 4.183584749385586274e-20 2.751309694997550025e-20 2.042080113200177149e-20
4.440896743424954484e-17 1.853385301651773997e-18 5.083147481046983560e-19 8.841572644100741566e-19 1.953311161148166959e-19 1.404581625496374583e-19 9.652199850119103705e-20 8.178967127780418195e-20 6.632944620757485388e-20 4.600722252547053282e-20 3.843115636445060530e-20 3.029190148782867735e-20 2.164641213967865274e-20 1.539338452953936781e-20 9.240845680412671076e-21
3.358568521460121023e-17 1.283050047241155522e-18 3.613628583718578306e-19 1.953311161148166959e-19 4.077037866015665992e-19 1.086571290434231207e-19 6.883485924164046091e-20 5.849383278100528283e-20 4.603038626843826230e-20 3.454695883439026098e-20 2.769009259920472770e-20 2.206574061257209825e-20 1.828228896842367904e-20 1.098762816553345632e-20 7.475417764000098373e-21
2.515251402974500973e-17 1.003738572005811706e-18 2.656714252079245874e-19 1.404581625496374583e-19 1.086571290434231207e-19 2.091347619491797220e-19 5.724135633855074714e-20 4.579644596280336591e-20 3.574150513691259813e-20 2.790904490863046234e-20 2.208861004456791881e-20 1.653438229068499636e-20 1.329253108836584153e-20 8.741770773698570321e-21 5.585328701654222116e-21
1.802499311797990416e-17 6.742118200820674054e-19 1.814119123835198238e-19 9.652199850119103705e-20 6.883485924164046091e-20 5.724135633855074714e-20 1.026419564489770133e-19 3.355286583802473632e-20 2.496412192572258941e-20 1.940502204175760697e-20 1.535901291369124901e-20 1.178848748455772108e-20 9.166800505315826409e-21 6.233120953303859979e-21 3.876303547239718509e-21
1.438190425712914742e-17 5.683518563113397251e-19 1.534391513924139211e-19 8.178967127780418195e-20 5.849383278100528283e-20 4.579644596280336591e-20 3.355286583802473632e-20 6.170326418073925725e-20 2.066548265392905951e-20 1.576267580398810782e-20 1.226841433703361841e-20 9.774675358197914090e-21 7.478836706566489640e-21 4.949386608138093638e-21 3.096277047190774822e-21
1.082312729170904667e-17 4.354249823960389187e-19 1.193874138942795617e-19 6.632944620757485388e-20 4.603038626843826230e-20 3.574150513691259813e-20 2.496412192572258941e-20 2.066548265392905951e-20 3.550945925930694063e-20 1.165847197839204274e-20 9.435516762146261541e-21 7.469983710177498342e-21 5.626405276375176097e-21 3.750636941196690287e-21 2.461001455103531652e-21
9.342473248158444794e-18 3.406859554371354644e-19 9.426250175950487271e-20 4.600722252547053282e-20 3.454695883439026098e-20 2.790904490863046234e-20 1.940502204175760697e-20 1.576267580398810782e-20 1.165847197839204274e-20 2.150838952763784339e-20 7.261923260104549006e-21 5.629330155713889706e-21 4.416077394282211726e-21 2.855807733362838314e-21 1.934198443064030517e-21
6.313753237399753912e-18 2.632489300749530544e-19 7.605023321841332480e-20 3.843115636445060530e-20 2.769009259920472770e-20 2.208861004456791881e-20 1.535901291369124901e-20 1.226841433703361841e-20 9.435516762146261541e-21 7.261923260104549006e-21 1.281931112908565337e-20 4.707173580143910331e-21 3.412725209060702798e-21 2.388803355725329746e-21 1.489325436228846749e-21
5.183579423632694483e-18 1.994419024881190567e-19 5.766422738820506457e-20 3.029190148782867735e-20 2.206574061257209825e-20 1.653438229068499636e-20 1.178848748455772108e-20 9.774675358197914090e-21 7.469983710177498342e-21 5.629330155713889706e-21 4.707173580143910331e-21 7.843719881997604002e-21 2.715975400981082103e-21 1.753003450284418864e-21 1.184415985585921693e-21
3.876822704896785412e-18 1.503141843401164981e-19 4.183584749385586274e-20 2.164641213967865274e-20 1.828228896842367904e-20 1.329253108836584153e-20 9.166800505315826409e-21 7.478836706566489640e-21 5.626405276375176097e-21 4.416077394282211726e-21 3.412725209060702798e-21 2.715975400981082103e-21 4.674207710499713915e-21 1.435415214048911198e-21 9.147323413538550366e-22
2.975186283105867091e-18 1.072900761620116165e-19 2.751309694997550025e-20 1.539338452953936781e-20 1.098762816553345632e-20 8.741770773698570321e-21 6.233120953303859979e-21 4.949386608138093638e-21 3.750636941196690287e-21 2.855807733362838314e-21 2.388803355725329746e-21 1.753003450284418864e-21 1.435415214048911198e-21 2.758116133453711504e-21 6.408362525107294166e-22
1.650016861766688186e-18 7.131868471457939790e-20 2.042080113200177149e-20 9.240845680412671076e-21 7.475417764000098373e-21 5.585328701654222116e-21 3.876303547239718509e-21 3.096277047190774822e-21 2.461001455103531652e-21 1.934198443064030517e-21 1.489325436228846749e-21 1.184415985585921693e-21 9.147323413538550366e-22 6.408362525107294166e-22 1.656280743517921246e-21
