1.577946269777561315e-14 2.100225304220788657e-16 4.786676891120165331e-17 2.141491666186965439e-17 1.490436492178163012e-17 9.219268771834686257e-18 7.651826115849780634e-18 5.593034401583385484e-18 4.943125540967940529e-18 4.458916882937508666e-18 3.501423511458145132e-18 2.923079211570565112e-18 2.233508461252941707e-18 1.820377118776740793e-18 1.153148470496737792e-18
2.100225304220788657e-16 2.848426948392141906e-17 3.797260730468905722e-18 1.850841939966293929e-18 1.145330982990626486e-18 7.854820363057528606e-19 6.591179576277899721e-19 4.900941102316268276e-19 4.026978851598805861e-19 3.299287752203613944e-19 2.925960759281222870e-19 2.205713149072473288e-19 1.794689553698318069e-19 1.372623471759646267e-19 7.982888640770802901e-20
4.786676891120165331e-17 3.797260730468905722e-18 2.551938050997664861e-18 3.947133447966323207e-19 2.658313726422302023e-19 1.894781043683653295e-19 1.418048054741887356e-19 1.165128573637452173e-19 8.974771317315104500e-20 8.010743885681176291e-20 6.540651937855659800e-20 5.098922729044982697e-20 4.343783315107820256e-20 3.067228969966302956e-20 1.882938197915561296e-20
2.141491666186965439e-17 1.850841939966293929e-18 3.947133447966323207e-19 6.935938691495538015e-19 1.229749978573716544e-19 8.009932257911790543e-20 6.898512420858141873e-20 5.232861730353632950e-20 4.325391107185396786e-20 3.815746626054572005e-20 3.423080265360028597e-20 2.469790217577271577e-20 1.959419314951573735e-20 1.387612095913291113e-20 8.195208778277177760e-21
1.490436492178163012e-17 1.145330982990626486e-18 2.658313726422302023e-19 1.229749978573716544e-19 2.948100739023655949e-19 5.720814588563988997e-20 4.508673733604561963e-20 3.486275508498917987e-20 2.941090883644782009e-20 2.244639618473175427e-20 2.100141464317994318e-20 1.631767823594561845e-20 1.194756823348288421e-20 8.340507476409829371e-21 5.746197548233236944e-21
9.219268771834686257e-18 7.854820363057528606e-19 1.894781043683653295e-19 8.009932257911790543e-20 5.720814588563988997e-20 1.377360047110135020e-19 3.045558035396613473e-20 2.446085454575671272e-20 1.976050372027502097e-20 1.575855672471120855e-20 1.420876703605977936e-20 1.058738875313030893e-20 8.405429047958934480e-21 5.920865372527406623e-21 3.654527027447645449e-21
7.651826115849780634e-18 6.591179576277899721e-19 1.418048054741887356e-19 6.898512420858141873e-20 4.508673733604561963e-20 3.045558035396613473e-20 8.271147584492822974e-20 2.016495137860447604e-20 1.672449327990833037e-20 1.290130402818771334e-20 1.104275253420969234e-20 8.439738074855893794e-21 6.784033667005824905e-21 5.161873212064015235e-21 3.211292725421466065e-21
5.593034401583385484e-18 4.900941102316268276e-19 1.165128573637452173e-19 5.232861730353632950e-20 3.486275508498917987e-20 2.446085454575671272e-20 2.016495137860447604e-20 4.688610307623006802e-20 1.272414304918977587e-20 9.810482538188881987e-21 8.815855834353182444e-21 6.706834733906231008e-21 5.426088862588054146e-21 3.997792141540028648e-21 2.196091470406519272e-21
4.943125540967940529e-18 4.026978851598805861e-19 8.974771317315104500e-20 4.325391107185396786e-20 2.941090883644782009e-20 1.976050372027502097e-20 1.672449327990833037e-20 1.272414304918977587e-20 2.978461274616324695e-20 8.383823858958710524e-21 7.357276822976928529e-21 5.573918206089631091e-21 4.389956148688107293e-21 3.080646177708850780e-21 2.089744088144866521e-21
4.458916882937508666e-18 3.299287752203613944e-19 8.010743885681176291e-20 3.815746626054572005e-20 2.244639618473175427e-20 1.575855672471120855e-20 1.290130402818771334e-20 9.810482538188881987e-21 8.383823858958710524e-21 1.814364361292855116e-20 6.009541257002089155e-21 4.649923846717251065e-21 3.756693040253569143e-21 2.640424121979622988e-21 1.675146325874021190e-21
3.501423511458145132e-18 2.925960759281222870e-19 6.540651937855659800e-20 3.423080265360028597e-20 2.100141464317994318e-20 1.420876703605977936e-20 1.104275253420969234e-20 8.815855834353182444e-21 7.357276822976928529e-21 6.009541257002089155e-21 1.204188261606215358e-20 3.821124397120280188e-21 3.338535076192744742e-21 2.324629902691379586e-21 1.421647244264762504e-21
2.923079211570565112e-18 2.205713149072473288e-19 5.098922729044982697e-20 2.469790217577271577e-20 1.631767823594561845e-20 1.058738875313030893e-20 8.439738074855893794e-21 6.706834733906231008e-21 5.573918206089631091e-21 4.649923846717251065e-21 3.821124397120280188e-21 7.404069764313885157e-21 2.366954132110266103e-21 1.740785823262643574e-21 1.055138061775875881e-21
2.233508461252941707e-18 1.794689553698318069e-19 4.343783315107820256e-20 1.959419314951573735e-20 1.194756823348288421e-20 8.405429047958934480e-21 6.784033667005824905e-21 5.426088862588054146e-21 4.389956148688107293e-21 3.756693040253569143e-21 3.338535076192744742e-21 2.366954132110266103e-21 4.671423092717573155e-21 1.400536705553068614e-21 8.374254324177400512e-22
1.820377118776740793e-18 1.372623471759646267e-19 3.067228969966302956e-20 1.387612095913291113e-20 8.340507476409829371e-21 5.920865372527406623e-21 5.161873212064015235e-21 3.997792141540028648e-21 3.080646177708850780e-21 2.640424121979622988e-21 2.324629902691379586e-21 1.740785823262643574e-21 1.400536705553068614e-21 2.911139001297057612e-21 5.423764028256713983e-22
1.153148470496737792e-18 7.982888640770802901e-20 1.882938197915561296e-20 8.195208778277177760e-21 5.746197548233236944e-21 3.654527027447645449e-21 3.211292725421466065e-21 2.196091470406519272e-21 2.089744088144866521e-21 1.675146325874021190e-21 1.421647244264762504e-21 1.055138061775875881e-21 8.374254324177400512e-22 5.423764028256713983e-22 1.825311233719598074e-21
