2.256992014597396525e-14 -2.406274997235467859e-16 -6.382071444189560370e-17 -2.309010450254567440e-17 -7.456921061079248600e-18 -6.246471773562190715e-18 -4.696367860232268853e-18 -3.539153201313620864e-18 9.891891055171130080e-19 -1.217474902085284197e-18 2.885688911210442938e-19 -3.285289733255040766e-19 -3.600800568402405637e-19 1.960891239934609819e-19 -3.017871301165671728e-19
-2.406274997235467859e-16 2.317731171940846695e-16 7.409860886416862430e-18 2.606333089197531212e-18 6.860785670149304331e-19 8.850947119570950953e-19 7.081214686993449391e-19 2.051456491915285516e-19 -2.805390967178994526e-20 9.977153544563261637e-20 -5.407233292726397596e-20 8.122693030767788268e-20 4.700355584397425735e-20 1.644614105650777453e-20 6.282458683011310230e-21
-6.382071444189560370e-17 7.409860886416862430e-18 2.991203607896467477e-17 6.982022832153457025e-19 3.023554517163959120e-19 2.275499899431713557e-19 1.188942975702749284e-19 1.506663722259043671e-19 5.663072552752160523e-20 2.041101832072694176e-20 -3.704937216504675235e-20 -5.256978573650086322e-22 2.191025875318443178e-20 1.202127233435188711e-20 1.822318567425054293e-21
-2.309010450254567440e-17 2.606333089197531212e-18 6.982022832153457025e-19 6.555450666065146591e-18 6.345430406691813133e-20 9.874832136977927187e-20 9.770098459102827307e-21 1.102833232273450343e-20 1.124073701241977460e-20 1.721881468752603502e-20 -4.312703258301447945e-21 1.638316136575458794e-20 -1.135603904898683292e-21 5.472127712176787324e-21 3.005235295810607054e-21
-7.456921061079248600e-18 6.860785670149304331e-19 3.023554517163959120e-19 6.345430406691813133e-20 2.229732561064482077e-18 6.152257283542096030e-20 1.746055940400835582e-20 1.587748100890204403e-20 -7.708993688141401574e-21 7.269758069911216020e-21 1.701161750023367617e-21 1.180235325998432315e-21 -4.506142468804204090e-21 -2.640464816531440683e-21 -7.280123725187215028e-22
-6.246471773562190715e-18 8.850947119570950953e-19 2.275499899431713557e-19 9.874832136977927187e-20 6.152257283542096030e-20 1.047276478471632795e-18 -2.620494473084794075e-23 1.883746180180998161e-20 2.275431111036174425e-21 -2.373945938250275230e-21 -7.101523139601736846e-21 1.813718895313351605e-21 -5.953662952070387065e-22 -8.922325797949857293e-23 1.608525989494452695e-21
-4.696367860232268853e-18 7.081214686993449391e-19 1.188942975702749284e-19 9.770098459102827307e-21 1.746055940400835582e-20 -2.620494473084794075e-23 4.675712972538815022e-19 -4.473692358251087585e-21 -1.171991755721882436e-21 -4.727273295488525770e-22 3.498478414544655119e-21 5.605226698002563957e-21 9.339101793816087031e-22 3.578318267085137786e-21 -1.747050250647459864e-21
-3.539153201313620864e-18 2.051456491915285516e-19 1.506663722259043671e-19 1.102833232273450343e-20 1.587748100890204403e-20 1.883746180180998161e-20 -4.473692358251087585e-21 2.533534257888346526e-19 -1.673405841164405880e-21 2.542079491308423321e-21 -4.946564081453264597e-22 1.428395090447428299e-22 3.608607624079081781e-22 5.859431534059440407e-22 -5.708193254492769323e-22
9.891891055171130080e-19 -2.805390967178994526e-20 5.663072552752160523e-20 1.124073701241977460e-20 -7.708993688141401574e-21 2.275431111036174425e-21 -1.171991755721882436e-21 -1.673405841164405880e-21 1.505369372059808299e-19 2.240034949412285371e-22 1.191553365470174550e-21 1.576517233227633082e-21 8.651244084877540100e-23 -8.241819554682675984e-23 6.396203278865367653e-22
-1.217474902085284197e-18 9.977153544563261637e-20 2.041101832072694176e-20 1.721881468752603502e-20 7.269758069911216020e-21 -2.373945938250275230e-21 -4.727273295488525770e-22 2.542079491308423321e-21 2.240034949412285371e-22 8.885276823843805055e-20 1.097490189808345881e-21 -5.914702670557106714e-22 -2.007447434973272884e-24 5.403416505429674325e-22 -2.173202543743791733e-22
2.885688911210442938e-19 -5.407233292726397596e-20 -3.704937216504675235e-20 -4.312703258301447945e-21 1.701161750023367617e-21 -7.101523139601736846e-21 3.498478414544655119e-21 -4.946564081453264597e-22 1.191553365470174550e-21 1.097490189808345881e-21 5.789540054448520184e-20 1.914184759347618586e-22 -3.405905867311410089e-22 1.384118726662728760e-22 -4.408372356786562649e-22
-3.285289733255040766e-19 8.122693030767788268e-20 -5.256978573650086322e-22 1.638316136575458794e-20 1.180235325998432315e-21 1.813718895313351605e-21 5.605226698002563957e-21 1.428395090447428299e-22 1.576517233227633082e-21 -5.914702670557106714e-22 1.914184759347618586e-22 3.948939886087063042e-20 8.724344901879047154e-23 8.078968441021516870e-24 1.164510536814626050e-22
-3.600800568402405637e-19 4.700355584397425735e-20 2.191025875318443178e-20 -1.135603904898683292e-21 -4.506142468804204090e-21 -5.953662952070387065e-22 9.339101793816087031e-22 3.608607624079081781e-22 8.651244084877540100e-23 -2.007447434973272884e-24 -3.405905867311410089e-22 8.724344901879047154e-23 2.514482036469132248e-20 3.823052358238550732e-23 4.731207350574566218e-22
1.960891239934609819e-19 1.644614105650777453e-20 1.202127233435188711e-20 5.472127712176787324e-21 -2.640464816531440683e-21 -8.922325797949857293e-23 3.578318267085137786e-21 5.859431534059440407e-22 -8.241819554682675984e-23 5.403416505429674325e-22 1.384118726662728760e-22 8.078968441021516870e-24 3.823052358238550732e-23 1.845759936865734857e-20 1.334036798265293244e-22
-3.017871301165671728e-19 6.282458683011310230e-21 1.822318567425054293e-21 3.005235295810607054e-21 -7.280123725187215028e-22 1.608525989494452695e-21 -1.747050250647459864e-21 -5.708193254492769323e-22 6.396203278865367653e-22 -2.173202543743791733e-22 -4.408372356786562649e-22 1.164510536814626050e-22 4.731207350574566218e-22 1.334036798265293244e-22 1.362834600396030246e-20
