8.526909463075876394e-14 1.469781603178314769e-16 2.950279642704214917e-17 1.507301084417646472e-17 2.499216275450868931e-17 2.476177180374416572e-17 1.573500273352386313e-17 1.486722259221176267e-17 1.141508277797948400e-17 9.800645523074321880e-18 5.871982826548281564e-18 4.988342395848846258e-18 3.257107005509053116e-18 2.726080042347670615e-18 1.574401347711119960e-18
1.469781603178314769e-16 4.037566687655169539e-17 6.396464908785091818e-19 7.164661643845800699e-19 4.647372099271603704e-19 4.275891444413502391e-19 1.743350306029677770e-19 1.687868713593150538e-19 1.786642435073285252e-19 8.759886446165724401e-20 5.916276626297433773e-20 3.326709344867489216e-20 5.223046880273451056e-20 2.093134030254394300e-20 2.847723578117324080e-20
2.950279642704214917e-17 6.396464908785091818e-19 5.147564197389248049e-18 1.079576963221501835e-19 1.028359882705611181e-19 6.505898273297844271e-20 2.141706515843114003e-20 5.085065955442246472e-20 3.869566488086812708e-20 3.675528177271419861e-20 3.001258905779732277e-20 1.946714998231488269e-20 1.034386776750259462e-20 4.466709182708807651e-21 8.909600369143187696e-21
1.507301084417646472e-17 7.164661643845800699e-19 1.079576963221501835e-19 1.686454743562255394e-18 7.951739322142749174e-20 6.351536523009726534e-20 3.936577619789405159e-20 3.349603536174840056e-20 3.965189351382067408e-20 1.717546196588030128e-20 1.565344068640362178e-20 1.451782052814210269e-20 9.889210031624528097e-21 4.992744917342424213e-21 3.441151929818999358e-21
2.499216275450868931e-17 4.647372099271603704e-19 1.028359882705611181e-19 7.951739322142749174e-20 7.564371838258482899e-19 5.932287228217644628e-20 3.040944032274355131e-20 3.529819644056127281e-20 2.828297229124111407e-20 1.759502318104721758e-20 1.305165584631160297e-20 1.253365905195724084e-20 1.230826352271379192e-20 5.385648559816269864e-21 4.198097593858043565e-21
2.476177180374416572e-17 4.275891444413502391e-19 6.505898273297844271e-20 6.351536523009726534e-20 5.932287228217644628e-20 3.903065554076094142e-19 3.098028793545998123e-20 2.943247628080246549e-20 2.509747715651113699e-20 2.023755459152425252e-20 1.526728490434672326e-20 1.030148865454697863e-20 9.548216334150489692e-21 5.261144903149543473e-21 4.070044216756587865e-21
1.573500273352386313e-17 1.743350306029677770e-19 2.141706515843114003e-20 3.936577619789405159e-20 3.040944032274355131e-20 3.098028793545998123e-20 1.859699265573002356e-19 2.171810272292248588e-20 1.857791757396148552e-20 1.287244526465452406e-20 1.093534362332270862e-20 8.149847037412233933e-21 6.304175628585085949e-21 3.706193640550415720e-21 2.421234209842035291e-21
1.486722259221176267e-17 1.687868713593150538e-19 5.085065955442246472e-20 3.349603536174840056e-20 3.529819644056127281e-20 2.943247628080246549e-20 2.171810272292248588e-20 1.096071806607503058e-19 1.464858366332838346e-20 1.178156021882883709e-20 8.055061928430630168e-21 6.638704038697255864e-21 4.739839359536878285e-21 3.582878726409432580e-21 2.110920758126569393e-21
1.141508277797948400e-17 1.786642435073285252e-19 3.869566488086812708e-20 3.965189351382067408e-20 2.828297229124111407e-20 2.509747715651113699e-20 1.857791757396148552e-20 1.464858366332838346e-20 6.639493682621874677e-20 8.169370624079893326e-21 6.645605758713418126e-21 5.771159563978847175e-21 4.526163507908679293e-21 2.684982436057166150e-21 1.641782412632508296e-21
9.800645523074321880e-18 8.759886446165724401e-20 3.675528177271419861e-20 1.717546196588030128e-20 1.759502318104721758e-20 2.023755459152425252e-20 1.287244526465452406e-20 1.178156021882883709e-20 8.169370624079893326e-21 4.072446761739749166e-20 5.267220512983496118e-21 4.428252979264292389e-21 3.303471597949067953e-21 1.842697932714244890e-21 1.327733083690397092e-21
5.871982826548281564e-18 5.916276626297433773e-20 3.001258905779732277e-20 1.565344068640362178e-20 1.305165584631160297e-20 1.526728490434672326e-20 1.093534362332270862e-20 8.055061928430630168e-21 6.645605758713418126e-21 5.267220512983496118e-21 2.372673194576054312e-20 3.659565188914284186e-21 2.214215972215991988e-21 1.296394416089907846e-21 1.068892438930273289e-21
4.988342395848846258e-18 3.326709344867489216e-20 1.946714998231488269e-20 1.451782052814210269e-20 1.253365905195724084e-20 1.030148865454697863e-20 8.149847037412233933e-21 6.638704038697255864e-21 5.771159563978847175e-21 4.428252979264292389e-21 3.659565188914284186e-21 1.449443711527246478e-20 1.997719745880516955e-21 1.078885601528682306e-21 6.505730699257523695e-22
3.257107005509053116e-18 5.223046880273451056e-20 1.034386776750259462e-20 9.889210031624528097e-21 1.230826352271379192e-20 9.548216334150489692e-21 6.304175628585085949e-21 4.739839359536878285e-21 4.526163507908679293e-21 3.303471597949067953e-21 2.214215972215991988e-21 1.997719745880516955e-21 9.104531999643971024e-21 8.185758550164572732e-22 6.025036662206947491e-22
2.726080042347670615e-18 2.093134030254394300e-20 4.466709182708807651e-21 4.992744917342424213e-21 5.385648559816269864e-21 5.261144903149543473e-21 3.706193640550415720e-21 3.582878726409432580e-21 2.684982436057166150e-21 1.842697932714244890e-21 1.296394416089907846e-21 1.078885601528682306e-21 8.185758550164572732e-22 6.026497105951879056e-21 4.069187479122786443e-22
1.574401347711119960e-18 2.847723578117324080e-20 8.909600369143187696e-21 3.441151929818999358e-21 4.198097593858043565e-21 4.070044216756587865e-21 2.421234209842035291e-21 2.110920758126569393e-21 1.641782412632508296e-21 1.327733083690397092e-21 1.068892438930273289e-21 6.505730699257523695e-22 6.025036662206947491e-22 4.069187479122786443e-22 4.008039832361120950e-21
