2.301343120729997869e-14 -7.584772987237470976e-17 -1.739325002467047953e-17 -2.813099373812529563e-18 -2.536359486714013467e-18 -2.787256532185229344e-18 3.414586509285679173e-19 1.090010401626480410e-18 2.753299763259455228e-18 5.946637950069198206e-19 -2.078242016582466798e-19 -5.789672922233452346e-19 -6.847843057398586500e-19 7.907077353237391029e-19 -2.385920782868670131e-19
-7.584772987237470976e-17 1.692990195059769564e-16 -9.937979363258674080e-19 -5.579489061818022327e-19 3.296534797199369723e-19 -4.956878839876251567e-20 1.178545369397634386e-19 6.452782061994076596e-20 2.199530755772735133e-20 1.163930874253314189e-19 -4.899535966522220328e-20 -1.404370608775622739e-20 1.897598845402491952e-20 5.584779504813863268e-20 1.212994999450471077e-20
-1.739325002467047953e-17 -9.937979363258674080e-19 1.989308382128495111e-17 1.780888470933906904e-19 9.635652853749324117e-20 1.709182275551469605e-19 -1.561312134111512843e-20 1.769203887591076342e-20 4.471569322204781778e-20 1.742467166573407193e-20 -1.689471360957099848e-20 1.115786151212276972e-20 1.844194393148356274e-20 1.986351283506612986e-20 3.789931213135176884e-21
-2.813099373812529563e-18 -5.579489061818022327e-19 1.780888470933906904e-19 5.012145611593264964e-18 2.421420301063397909e-21 -1.396797609644676032e-20 -6.453973563801992680e-20 -1.075862143323996668e-21 2.829998423634127355e-20 6.498485999820165681e-21 1.193275817098923252e-20 -1.961948959868593213e-21 -2.943857884960998898e-21 -1.398272632036289882e-21 -3.441893226439334340e-21
-2.536359486714013467e-18 3.296534797199369723e-19 9.635652853749324117e-20 2.421420301063397909e-21 1.701361153522332958e-18 1.243628721111214692e-20 -5.775356338909112532e-21 -8.167433490018188951e-21 5.336190555038658611e-21 1.646370008638645357e-20 5.058250413903094150e-21 1.210981030395212800e-21 -9.798701045418781752e-23 -7.317763552586369868e-22 3.063229648707679322e-21
-2.787256532185229344e-18 -4.956878839876251567e-20 1.709182275551469605e-19 -1.396797609644676032e-20 1.243628721111214692e-20 7.953328241665309329e-19 6.462206517921900622e-21 -4.696095855602140190e-22 -2.403623454578685952e-22 -3.005995580956670909e-21 -2.493816194575087989e-21 9.242455511467534179e-22 -5.591412694373392598e-21 2.866956807423098695e-21 -2.346408549524286227e-21
3.414586509285679173e-19 1.178545369397634386e-19 -1.561312134111512843e-20 -6.453973563801992680e-20 -5.775356338909112532e-21 6.462206517921900622e-21 3.893163337711018869e-19 -7.486447587535362176e-21 6.624239236251686437e-21 1.297894119982283629e-21 -4.397173598722896779e-21 -2.936803404885916048e-21 -5.934497658883593999e-22 -7.399593414018428363e-22 -4.551052660598386681e-22
1.090010401626480410e-18 6.452782061994076596e-20 1.769203887591076342e-20 -1.075862143323996668e-21 -8.167433490018188951e-21 -4.696095855602140190e-22 -7.486447587535362176e-21 2.236992390467942052e-19 -1.186051182336668737e-23 -4.215405946390419622e-21 4.291727707003943895e-21 -3.385150422333693928e-22 8.516116656246679006e-22 -6.387621435002536601e-22 4.415994833922189970e-22
2.753299763259455228e-18 2.199530755772735133e-20 4.471569322204781778e-20 2.829998423634127355e-20 5.336190555038658611e-21 -2.403623454578685952e-22 6.624239236251686437e-21 -1.186051182336668737e-23 1.370236600700844811e-19 1.370763957418112919e-21 -1.105687422218975791e-21 -2.521374165583924070e-21 -6.776535766903144794e-22 6.617253756545371655e-22 -7.214604742837266018e-22
5.946637950069198206e-19 1.163930874253314189e-19 1.742467166573407193e-20 6.498485999820165681e-21 1.646370008638645357e-20 -3.005995580956670909e-21 1.297894119982283629e-21 -4.215405946390419622e-21 1.370763957418112919e-21 8.573116294271572982e-20 -3.671353312351756957e-22 1.539173331454417115e-22 -3.477592518304313688e-22 9.378179634449892056e-22 9.546361929398431751e-22
-2.078242016582466798e-19 -4.899535966522220328e-20 -1.689471360957099848e-20 1.193275817098923252e-20 5.058250413903094150e-21 -2.493816194575087989e-21 -4.397173598722896779e-21 4.291727707003943895e-21 -1.105687422218975791e-21 -3.671353312351756957e-22 5.595993856276440219e-20 -4.506938454010226040e-22 -4.533498023367014958e-22 1.025890536114613268e-21 1.735934788913614180e-22
-5.789672922233452346e-19 -1.404370608775622739e-20 1.115786151212276972e-20 -1.961948959868593213e-21 1.210981030395212800e-21 9.242455511467534179e-22 -2.936803404885916048e-21 -3.385150422333693928e-22 -2.521374165583924070e-21 1.539173331454417115e-22 -4.506938454010226040e-22 3.530523015042433293e-20 2.551061403913398646e-22 -6.270186981275962904e-22 9.285741239748670287e-22
-6.847843057398586500e-19 1.897598845402491952e-20 1.844194393148356274e-20 -2.943857884960998898e-21 -9.798701045418781752e-23 -5.591412694373392598e-21 -5.934497658883593999e-22 8.516116656246679006e-22 -6.776535766903144794e-22 -3.477592518304313688e-22 -4.533498023367014958e-22 2.551061403913398646e-22 2.586178587953492641e-20 1.410657744541594683e-22 -1.036724956721500553e-23
7.907077353237391029e-19 5.584779504813863268e-20 1.986351283506612986e-20 -1.398272632036289882e-21 -7.317763552586369868e-22 2.866956807423098695e-21 -7.399593414018428363e-22 -6.387621435002536601e-22 6.617253756545371655e-22 9.378179634449892056e-22 1.025890536114613268e-21 -6.270186981275962904e-22 1.410657744541594683e-22 1.823511506034400121e-20 3.248282551772707428e-22
-2.385920782868670131e-19 1.212994999450471077e-20 3.789931213135176884e-21 -3.441893226439334340e-21 3.063229648707679322e-21 -2.346408549524286227e-21 -4.551052660598386681e-22 4.415994833922189970e-22 -7.214604742837266018e-22 9.546361929398431751e-22 1.735934788913614180e-22 9.285741239748670287e-22 -1.036724956721500553e-23 3.248282551772707428e-22 1.414859759158947083e-20
