2.309539420362070116e-14 2.690542308736388315e-16 -1.469933157720931975e-17 -5.005892950796945929e-17 -2.108453741411152861e-17 -2.214426643870621207e-18 -5.877195803272347936e-19 -3.409756346341357068e-18 -3.074605810148688896e-18 2.411129791881314112e-19 -3.547233761720152573e-19 -6.465347377510410364e-19 3.294922020862310868e-19 1.557259612541610489e-18 1.659810044364304282e-19
2.690542308736388315e-16 2.331813664371237479e-16 -8.663041860431052971e-19 -1.295282414829230701e-18 -4.407040507781567595e-19 1.104400677340667038e-19 2.300675873503953841e-19 -1.144682604369919409e-19 1.395265277526252324e-20 2.605958987185968971e-20 4.808149825902198879e-21 9.463106079534711749e-20 2.671486862875980548e-20 2.703296896854154322e-20 5.934122381130531299e-20
-1.469933157720931975e-17 -8.663041860431052971e-19 3.068382028834912450e-17 -3.807884628874378795e-19 -1.530339339659158504e-19 2.175602216335519541e-20 -6.336392371385312759e-20 4.387198506178275199e-20 2.234975611683948747e-20 -9.667886235471676653e-21 -4.263578117033329757e-20 -1.412933544088276319e-20 -2.288931341314658858e-20 1.229245734933973544e-20 -5.442680726025966303e-21
-5.005892950796945929e-17 -1.295282414829230701e-18 -3.807884628874378795e-19 8.032342288980861930e-18 2.531302689877841415e-19 5.401100221066011106e-21 -3.213174390991946884e-20 1.642295393762090210e-20 -1.860676068970917077e-20 2.609137985758349741e-20 -1.334993870512360463e-20 5.431189458200800372e-21 -8.904284075247891610e-21 -6.509194848409347295e-21 3.992567686189576717e-21
-2.108453741411152861e-17 -4.407040507781567595e-19 -1.530339339659158504e-19 2.531302689877841415e-19 2.751061556580948915e-18 5.197016772740698591e-20 2.910251038016085845e-20 1.158793920967895247e-20 9.434311894146874964e-21 8.498201813881041909e-21 -1.162780352169020518e-20 7.116406433410447116e-22 -4.042599760961764336e-21 6.006318736880428166e-21 -2.058470274601293669e-21
-2.214426643870621207e-18 1.104400677340667038e-19 2.175602216335519541e-20 5.401100221066011106e-21 5.197016772740698591e-20 1.124032551914576479e-18 5.081478785431748782e-21 1.102402374016120296e-20 1.333196737885690347e-20 1.551399501150342087e-21 -3.738323616405782558e-21 -5.594477295644849829e-22 -3.775830876571165966e-21 1.664455236052446868e-21 -3.352669410017396273e-21
-5.877195803272347936e-19 2.300675873503953841e-19 -6.336392371385312759e-20 -3.213174390991946884e-20 2.910251038016085845e-20 5.081478785431748782e-21 5.367449030350525456e-19 1.100529732205957447e-22 -1.024517190273817093e-20 -5.963519539291839738e-21 -8.079132298598630041e-22 -2.794438613292761169e-21 -3.326166217398709948e-21 9.931585847722102501e-22 6.958456351618688755e-22
-3.409756346341357068e-18 -1.144682604369919409e-19 4.387198506178275199e-20 1.642295393762090210e-20 1.158793920967895247e-20 1.102402374016120296e-20 1.100529732205957447e-22 2.767159482425840271e-19 -2.694728617355075143e-21 -1.767165468148612288e-21 3.053308703424947828e-21 -6.145941198079689256e-22 5.562171850483607612e-22 -3.295486892786140521e-21 8.311795483457404193e-22
-3.074605810148688896e-18 1.395265277526252324e-20 2.234975611683948747e-20 -1.860676068970917077e-20 9.434311894146874964e-21 1.333196737885690347e-20 -1.024517190273817093e-20 -2.694728617355075143e-21 1.572932397044540966e-19 -2.304891952169114315e-21 -1.253972863347252587e-21 4.769625514445480985e-22 1.294300710002516595e-22 2.342643361624710997e-22 -1.501100834181812713e-21
2.411129791881314112e-19 2.605958987185968971e-20 -9.667886235471676653e-21 2.609137985758349741e-20 8.498201813881041909e-21 1.551399501150342087e-21 -5.963519539291839738e-21 -1.767165468148612288e-21 -2.304891952169114315e-21 9.851114189774567385e-20 7.142886492683022572e-22 7.406200263426560133e-22 -7.059660348238464189e-22 6.879333806900694038e-22 1.004104963753732727e-21
-3.547233761720152573e-19 4.808149825902198879e-21 -4.263578117033329757e-20 -1.334993870512360463e-20 -1.162780352169020518e-20 -3.738323616405782558e-21 -8.079132298598630041e-22 3.053308703424947828e-21 -1.253972863347252587e-21 7.142886492683022572e-22 5.854211177341795847e-20 -2.066530622777526072e-23 -2.902953571616207695e-22 -5.018611483182219004e-22 -3.547493178951207723e-22
-6.465347377510410364e-19 9.463106079534711749e-20 -1.412933544088276319e-20 5.431189458200800372e-21 7.116406433410447116e-22 -5.594477295644849829e-22 -2.794438613292761169e-21 -6.145941198079689256e-22 4.769625514445480985e-22 7.406200263426560133e-22 -2.066530622777526072e-23 3.983489395451759157e-20 2.160152334092865889e-22 -1.557444695797194483e-22 -4.756881281258102284e-22
3.294922020862310868e-19 2.671486862875980548e-20 -2.288931341314658858e-20 -8.904284075247891610e-21 -4.042599760961764336e-21 -3.775830876571165966e-21 -3.326166217398709948e-21 5.562171850483607612e-22 1.294300710002516595e-22 -7.059660348238464189e-22 -2.902953571616207695e-22 2.160152334092865889e-22 2.818199252327662474e-20 2.468026281384815776e-23 -8.594044908044002161e-23
1.557259612541610489e-18 2.703296896854154322e-20 1.229245734933973544e-20 -6.509194848409347295e-21 6.006318736880428166e-21 1.664455236052446868e-21 9.931585847722102501e-22 -3.295486892786140521e-21 2.342643361624710997e-22 6.879333806900694038e-22 -5.018611483182219004e-22 -1.557444695797194483e-22 2.468026281384815776e-23 1.950951258152793713e-20 -2.955578714022540564e-22
1.659810044364304282e-19 5.934122381130531299e-20 -5.442680726025966303e-21 3.992567686189576717e-21 -2.058470274601293669e-21 -3.352669410017396273e-21 6.958456351618688755e-22 8.311795483457404193e-22 -1.501100834181812713e-21 1.004104963753732727e-21 -3.547493178951207723e-22 -4.756881281258102284e-22 -8.594044908044002161e-23 -2.955578714022540564e-22 1.416882283934927962e-20
