2.402337601675557860e-14 -3.037730810023855758e-16 -3.621989846067681934e-17 -9.087948847155460130e-18 -4.852914458963641032e-18 -3.351151043903499370e-18 -2.772316076769593817e-18 -1.085146758413708081e-18 -1.011740088226489736e-18 -7.661546749130639387e-19 6.532721986917098913e-19 -8.345725201765380376e-20 -1.024640886768841163e-18 -1.267486196825524402e-20 -4.997372995008903024e-19
-3.037730810023855758e-16 2.027280937725188390e-16 4.363403465527824656e-18 7.668958551489432017e-19 -7.500573176572839980e-19 1.187612212159985995e-19 8.837070865749058804e-20 7.249978850797353333e-20 1.157341392748262250e-20 -3.609660764937508836e-20 -5.888708807273572798e-20 6.482591963412790046e-20 -1.028101219311368351e-20 -4.027691776451364909e-20 -1.566466362233940226e-20
-3.621989846067681934e-17 4.363403465527824656e-18 2.129138021614881666e-17 3.527438711196774339e-19 3.934835316808979262e-20 -6.053358569674077000e-20 -4.384671789068848731e-20 -7.986388563056346439e-20 -1.834045378006127437e-20 -1.365231526321028850e-20 -3.422066767427025697e-20 -2.173082490936518577e-20 7.199727575535903113e-21 1.495362368545506252e-21 2.130164473904780039e-21
-9.087948847155460130e-18 7.668958551489432017e-19 3.527438711196774339e-19 5.127076705616903255e-18 -7.482039215035013356e-20 1.317770265784511709e-20 -1.667606475456609690e-20 1.095521946505601122e-20 -3.535059010639551773e-21 1.248556736442103598e-20 -4.155376005732732416e-21 -6.886182175419201735e-22 4.392948967732980696e-23 3.949130286297194319e-22 -1.241897820705229401e-22
-4.852914458963641032e-18 -7.500573176572839980e-19 3.934835316808979262e-20 -7.482039215035013356e-20 1.901060818225502574e-18 2.141773004152009884e-20 3.611115080664625375e-20 -9.476599687661449294e-21 -1.134915205354708348e-20 4.520713561507059719e-21 -4.216228334110482270e-21 3.330812549937101919e-21 -5.211152078733018271e-21 -5.318570213247024502e-21 2.163036847798845483e-21
-3.351151043903499370e-18 1.187612212159985995e-19 -6.053358569674077000e-20 1.317770265784511709e-20 2.141773004152009884e-20 8.368145798986432764e-19 3.187876640621223919e-21 -9.433300745114746482e-21 -3.077481994685937256e-21 -3.388000077764756197e-21 5.098612492944130419e-21 -7.393900340736341481e-22 1.492542944028171294e-21 -1.324299669114741237e-21 -1.283307429560963226e-22
-2.772316076769593817e-18 8.837070865749058804e-20 -4.384671789068848731e-20 -1.667606475456609690e-20 3.611115080664625375e-20 3.187876640621223919e-21 4.160819575927146216e-19 9.048142401136084565e-21 1.912499300884877874e-21 -9.341995446174197896e-22 8.685782078099221630e-22 -9.878490608013421295e-22 6.205428047449704840e-22 9.232148021263681312e-22 1.476040937106935266e-22
-1.085146758413708081e-18 7.249978850797353333e-20 -7.986388563056346439e-20 1.095521946505601122e-20 -9.476599687661449294e-21 -9.433300745114746482e-21 9.048142401136084565e-21 2.297080753302574413e-19 -2.114667092989059588e-21 5.375852039686922486e-22 -3.141334013632997604e-21 -1.310997514384769064e-21 8.506400638460032297e-22 7.627347782460272105e-22 3.098590971532528464e-22
-1.011740088226489736e-18 1.157341392748262250e-20 -1.834045378006127437e-20 -3.535059010639551773e-21 -1.134915205354708348e-20 -3.077481994685937256e-21 1.912499300884877874e-21 -2.114667092989059588e-21 1.308194112892476475e-19 4.032643447401025359e-22 1.145621825097463618e-21 -8.893361072750149030e-22 -3.986537184780012052e-22 -2.265297575236573299e-22 4.448815335320446082e-22
-7.661546749130639387e-19 -3.609660764937508836e-20 -1.365231526321028850e-20 1.248556736442103598e-20 4.520713561507059719e-21 -3.388000077764756197e-21 -9.341995446174197896e-22 5.375852039686922486e-22 4.032643447401025359e-22 8.487549306036094303e-20 2.085356280435082361e-21 4.573497083430187456e-22 8.127607943110436082e-22 5.922898679565068002e-22 1.743335134336807156e-22
6.532721986917098913e-19 -5.888708807273572798e-20 -3.422066767427025697e-20 -4.155376005732732416e-21 -4.216228334110482270e-21 5.098612492944130419e-21 8.685782078099221630e-22 -3.141334013632997604e-21 1.145621825097463618e-21 2.085356280435082361e-21 5.638203103365351622e-20 1.170751874689061729e-21 -2.031427437697195560e-22 7.208380830988402947e-22 5.441658997991530962e-22
-8.345725201765380376e-20 6.482591963412790046e-20 -2.173082490936518577e-20 -6.886182175419201735e-22 3.330812549937101919e-21 -7.393900340736341481e-22 -9.878490608013421295e-22 -1.310997514384769064e-21 -8.893361072750149030e-22 4.573497083430187456e-22 1.170751874689061729e-21 3.784007659574086780e-20 -2.983694092944575995e-22 3.272156238910881974e-22 4.373622814268578718e-22
-1.024640886768841163e-18 -1.028101219311368351e-20 7.199727575535903113e-21 4.392948967732980696e-23 -5.211152078733018271e-21 1.492542944028171294e-21 6.205428047449704840e-22 8.506400638460032297e-22 -3.986537184780012052e-22 8.127607943110436082e-22 -2.031427437697195560e-22 -2.983694092944575995e-22 2.521464927818863276e-20 4.442706240860264798e-22 -3.299455464097548900e-22
-1.267486196825524402e-20 -4.027691776451364909e-20 1.495362368545506252e-21 3.949130286297194319e-22 -5.318570213247024502e-21 -1.324299669114741237e-21 9.232148021263681312e-22 7.627347782460272105e-22 -2.265297575236573299e-22 5.922898679565068002e-22 7.208380830988402947e-22 3.272156238910881974e-22 4.442706240860264798e-22 1.793706348519650172e-20 -3.167812520867532244e-22
-4.997372995008903024e-19 -1.566466362233940226e-20 2.130164473904780039e-21 -1.241897820705229401e-22 2.163036847798845483e-21 -1.283307429560963226e-22 1.476040937106935266e-22 3.098590971532528464e-22 4.448815335320446082e-22 1.743335134336807156e-22 5.441658997991530962e-22 4.373622814268578718e-22 -3.299455464097548900e-22 -3.167812520867532244e-22 1.485577490831257919e-20
