3.569593038877994423e-13 -1.621544398248722000e-15 -1.548175696222460550e-16 5.257800571263567725e-17 -8.075476964944760292e-17 -3.685401497932570144e-18 -2.486109552205108671e-17 -1.362609060550753708e-17 -7.256751344763929306e-18 -8.848912529600204360e-18 -9.319617594731303983e-18 -1.270625914328739591e-17 -8.450142807125448481e-18 -3.543331882007432059e-18 -2.650505913133588058e-18
-1.621544398248722000e-15 5.073636948006591387e-16 9.916278028561775375e-18 4.642053375752076000e-18 2.626276147497697821e-18 2.006108161264184778e-18 3.736637448616790075e-19 8.681775959834281947e-19 5.813904316931974682e-19 5.481260866359963283e-19 5.450015925097911824e-19 5.707935852694864005e-19 3.788793336279344170e-19 3.849920541252639340e-19 2.006025032511723762e-19
-1.548175696222460550e-16 9.916278028561775375e-18 6.063138898729922849e-17 1.499311576186863071e-18 1.119015079840580991e-18 4.531586374812805899e-19 2.538364553520513485e-19 1.947494023580499438e-19 2.236405914607283771e-19 9.851157736060056068e-20 1.136678725233617568e-19 1.657665013487628042e-19 8.812934453760671404e-20 1.065281235577581895e-19 6.434181538157226053e-20
5.257800571263567725e-17 4.642053375752076000e-18 1.499311576186863071e-18 1.434328975499759077e-17 3.201692855458472267e-19 1.068933071241726793e-19 1.175170660948082827e-19 9.157652472124564617e-20 1.098261875138212765e-19 4.350370628213614957e-20 5.705288401895780847e-20 5.051356273142282624e-20 3.154018428272343506e-20 2.910221138162667447e-20 2.506509466964001562e-20
-8.075476964944760292e-17 2.626276147497697821e-18 1.119015079840580991e-18 3.201692855458472267e-19 5.063113634465775559e-18 7.628477272539623801e-20 1.220854045187518008e-19 4.909737434449870999e-20 4.777857465947664032e-20 2.601489793711010554e-20 3.463449605495451087e-20 3.465221581722442565e-20 1.598133030628596426e-20 1.693839174462582355e-20 1.239007405555772410e-20
-3.685401497932570144e-18 2.006108161264184778e-18 4.531586374812805899e-19 1.068933071241726793e-19 7.628477272539623801e-20 2.115918950037997247e-18 2.886826903315310133e-20 2.971663066814884598e-20 8.295587147165495843e-21 1.425823796289617170e-20 1.718986090309935229e-20 1.933430176830850425e-20 1.698531604005085360e-20 9.254330956212417674e-21 8.140314542022026782e-21
-2.486109552205108671e-17 3.736637448616790075e-19 2.538364553520513485e-19 1.175170660948082827e-19 1.220854045187518008e-19 2.886826903315310133e-20 9.417511531673456302e-19 2.401047706210896005e-20 3.438704275735118287e-20 1.254232113139911943e-20 1.412923388514392826e-20 1.036231181141279452e-20 1.269282259781938167e-20 5.043547955426985386e-21 6.762459613750027217e-21
-1.362609060550753708e-17 8.681775959834281947e-19 1.947494023580499438e-19 9.157652472124564617e-20 4.909737434449870999e-20 2.971663066814884598e-20 2.401047706210896005e-20 4.698649442819279857e-19 2.406598652467549420e-20 1.078494530462257473e-20 8.101679753165277688e-21 1.436897964138130254e-20 6.839857990486495054e-21 7.107583236180808169e-21 5.206743989621433602e-22
-7.256751344763929306e-18 5.813904316931974682e-19 2.236405914607283771e-19 1.098261875138212765e-19 4.777857465947664032e-20 8.295587147165495843e-21 3.438704275735118287e-20 2.406598652467549420e-20 2.721359040237534219e-19 1.196087560761045729e-20 6.842333510394305094e-21 8.105231579061094843e-21 3.570318082165099649e-21 5.354063989433796262e-21 1.455200127112118619e-21
-8.848912529600204360e-18 5.481260866359963283e-19 9.851157736060056068e-20 4.350370628213614957e-20 2.601489793711010554e-20 1.425823796289617170e-20 1.254232113139911943e-20 1.078494530462257473e-20 1.196087560761045729e-20 1.426268110292792442e-19 6.082820988329208530e-21 4.588445660203457549e-21 5.113656831516397294e-21 1.436281520339940882e-21 4.850922372030635182e-22
-9.319617594731303983e-18 5.450015925097911824e-19 1.136678725233617568e-19 5.705288401895780847e-20 3.463449605495451087e-20 1.718986090309935229e-20 1.412923388514392826e-20 8.101679753165277688e-21 6.842333510394305094e-21 6.082820988329208530e-21 8.918892825387355954e-20 7.086916302334663742e-21 5.110720543626978999e-21 2.860496737452838334e-21 1.165448587114657222e-21
-1.270625914328739591e-17 5.707935852694864005e-19 1.657665013487628042e-19 5.051356273142282624e-20 3.465221581722442565e-20 1.933430176830850425e-20 1.036231181141279452e-20 1.436897964138130254e-20 8.105231579061094843e-21 4.588445660203457549e-21 7.086916302334663742e-21 5.682839764750373367e-20 3.460783740765872080e-21 2.437900470178880956e-21 1.693115735131728349e-21
-8.450142807125448481e-18 3.788793336279344170e-19 8.812934453760671404e-20 3.154018428272343506e-20 1.598133030628596426e-20 1.698531604005085360e-20 1.269282259781938167e-20 6.839857990486495054e-21 3.570318082165099649e-21 5.113656831516397294e-21 5.110720543626978999e-21 3.460783740765872080e-21 3.560605306593181389e-20 2.577546122903465207e-21 1.743888459348242036e-21
-3.543331882007432059e-18 3.849920541252639340e-19 1.065281235577581895e-19 2.910221138162667447e-20 1.693839174462582355e-20 9.254330956212417674e-21 5.043547955426985386e-21 7.107583236180808169e-21 5.354063989433796262e-21 1.436281520339940882e-21 2.860496737452838334e-21 2.437900470178880956e-21 2.577546122903465207e-21 2.248770663162756975e-20 8.246293072592042364e-22
-2.650505913133588058e-18 2.006025032511723762e-19 6.434181538157226053e-20 2.506509466964001562e-20 1.239007405555772410e-20 8.140314542022026782e-21 6.762459613750027217e-21 5.206743989621433602e-22 1.455200127112118619e-21 4.850922372030635182e-22 1.165448587114657222e-21 1.693115735131728349e-21 1.743888459348242036e-21 8.246293072592042364e-22 1.584024865185954303e-20
