4.868032008725254079e-14 -3.019419173156375183e-16 -1.030332739394210435e-16 -4.283389526344712423e-17 -1.928119717999120516e-17 -1.306455721894577274e-17 -2.419551437048867024e-18 -1.875499430116178286e-18 2.255834281487572739e-18 -4.767569194807453799e-19 3.231135463130323101e-18 1.518071244345352597e-18 7.864151351956748922e-19 1.837321414258717205e-18 7.215448212956878272e-19
-3.019419173156375183e-16 1.478427491467078451e-16 5.885218252184966786e-18 2.654006869442193553e-18 9.200891175536302357e-19 4.581657252467746542e-19 2.198131155210042447e-19 -1.441265801565597808e-19 -1.141779030329331572e-19 5.028997629223200897e-20 -1.754440263389394525e-20 -8.703072344547176930e-20 -5.193040641371880203e-20 -2.766699364805006347e-20 -8.559629477926082167e-21
-1.030332739394210435e-16 5.885218252184966786e-18 2.161214176129412004e-17 7.161838155680586875e-19 3.912847933192579283e-19 3.463312724662341459e-19 1.135593101201815171e-19 3.944527638107357832e-20 -7.006704495901427975e-20 -3.944227020636895332e-20 -3.978340851126939678e-20 -2.696748908698943086e-20 -1.868358813800840774e-20 -1.370768624628460935e-20 -1.524233206838656420e-20
-4.283389526344712423e-17 2.654006869442193553e-18 7.161838155680586875e-19 5.646339131029171567e-18 1.289874172026541111e-19 5.268268747698370464e-20 6.560153301405516926e-20 1.621761952590476776e-20 -1.352284334970603114e-20 -7.218326415062185792e-21 -7.358459724787280125e-21 -3.212825808885050172e-20 -6.535521833955746000e-21 -3.828182671196626172e-21 -6.129977142321959327e-21
-1.928119717999120516e-17 9.200891175536302357e-19 3.912847933192579283e-19 1.289874172026541111e-19 2.170343649184766672e-18 6.558378582867532029e-20 2.506034767592184163e-20 -1.731853796664005760e-20 -1.312258514689957957e-20 6.195980555118124422e-21 -2.080598990725615004e-20 1.578045928071713501e-22 -1.214949519547651295e-20 -2.672882622346416954e-21 8.734822100554652768e-22
-1.306455721894577274e-17 4.581657252467746542e-19 3.463312724662341459e-19 5.268268747698370464e-20 6.558378582867532029e-20 9.668193622402779986e-19 2.653823604217513136e-20 -1.122232463245640208e-20 -1.087807274984432075e-21 3.477253082188927161e-21 -4.933585131861685414e-21 -2.643266056621753980e-21 -2.805171389656776639e-21 -3.838460054488856726e-21 5.150899830478173602e-23
-2.419551437048867024e-18 2.198131155210042447e-19 1.135593101201815171e-19 6.560153301405516926e-20 2.506034767592184163e-20 2.653823604217513136e-20 5.051606799734956740e-19 -8.082919013263424810e-21 -1.429838626602448827e-21 4.767244403857787164e-22 -4.010332158363822027e-21 -1.213251948186879549e-21 -1.153884333682826264e-22 -8.385241662459826518e-22 -4.548077756380384223e-22
-1.875499430116178286e-18 -1.441265801565597808e-19 3.944527638107357832e-20 1.621761952590476776e-20 -1.731853796664005760e-20 -1.122232463245640208e-20 -8.082919013263424810e-21 2.738915328402384155e-19 -5.083863631426604689e-22 2.649557512230030374e-21 -1.053687770932771201e-21 -3.731782523855553586e-22 1.147842934015656292e-21 -1.570022077354336794e-21 -1.092624405111714120e-21
2.255834281487572739e-18 -1.141779030329331572e-19 -7.006704495901427975e-20 -1.352284334970603114e-20 -1.312258514689957957e-20 -1.087807274984432075e-21 -1.429838626602448827e-21 -5.083863631426604689e-22 1.707656011632503310e-19 -4.068909710851305221e-21 5.319137941031558472e-22 2.357159759699577829e-22 5.560043246655413921e-22 -1.349797221736781120e-21 9.250588781599714225e-22
-4.767569194807453799e-19 5.028997629223200897e-20 -3.944227020636895332e-20 -7.218326415062185792e-21 6.195980555118124422e-21 3.477253082188927161e-21 4.767244403857787164e-22 2.649557512230030374e-21 -4.068909710851305221e-21 9.652003604484492343e-20 2.867165776372940875e-21 1.919208076023969174e-21 -6.098715694465736668e-22 1.066763899095750374e-21 -5.935988678158576186e-22
3.231135463130323101e-18 -1.754440263389394525e-20 -3.978340851126939678e-20 -7.358459724787280125e-21 -2.080598990725615004e-20 -4.933585131861685414e-21 -4.010332158363822027e-21 -1.053687770932771201e-21 5.319137941031558472e-22 2.867165776372940875e-21 6.702404778630918996e-20 7.524530904997792539e-22 1.522877640385784545e-21 -1.084366360915488021e-22 4.326137051300782572e-22
1.518071244345352597e-18 -8.703072344547176930e-20 -2.696748908698943086e-20 -3.212825808885050172e-20 1.578045928071713501e-22 -2.643266056621753980e-21 -1.213251948186879549e-21 -3.731782523855553586e-22 2.357159759699577829e-22 1.919208076023969174e-21 7.524530904997792539e-22 4.079937914526913925e-20 9.517468454503559745e-22 2.646451948934508491e-22 2.575399024741832139e-23
7.864151351956748922e-19 -5.193040641371880203e-20 -1.868358813800840774e-20 -6.535521833955746000e-21 -1.214949519547651295e-20 -2.805171389656776639e-21 -1.153884333682826264e-22 1.147842934015656292e-21 5.560043246655413921e-22 -6.098715694465736668e-22 1.522877640385784545e-21 9.517468454503559745e-22 2.649775977949471321e-20 7.548008777416208498e-22 -1.556953240108145820e-22
1.837321414258717205e-18 -2.766699364805006347e-20 -1.370768624628460935e-20 -3.828182671196626172e-21 -2.672882622346416954e-21 -3.838460054488856726e-21 -8.385241662459826518e-22 -1.570022077354336794e-21 -1.349797221736781120e-21 1.066763899095750374e-21 -1.084366360915488021e-22 2.646451948934508491e-22 7.548008777416208498e-22 1.901164783245571641e-20 1.721503439755510303e-22
7.215448212956878272e-19 -8.559629477926082167e-21 -1.524233206838656420e-20 -6.129977142321959327e-21 8.734822100554652768e-22 5.150899830478173602e-23 -4.548077756380384223e-22 -1.092624405111714120e-21 9.250588781599714225e-22 -5.935988678158576186e-22 4.326137051300782572e-22 2.575399024741832139e-23 -1.556953240108145820e-22 1.721503439755510303e-22 1.366769161674356091e-20
