1.286855197085127249e-14 -5.090123044766570695e-17 -2.440336235153495524e-17 -5.044726532879408967e-18 -1.676991710408651388e-18 -1.763815798731992026e-18 -8.396596102299630577e-19 -1.560946900169551606e-19 -7.011278845366133795e-19 -6.334221407111155852e-19 -6.232468908346537846e-19 -3.503589628356361008e-21 -3.447648236236328934e-19 -2.355388007642997021e-19 -4.088471766930849342e-19
-5.090123044766570695e-17 5.669929014441473853e-17 4.722667524665954862e-18 1.646726167415594509e-18 7.770453609311492437e-19 5.117094695489531538e-19 2.378349882729734281e-19 2.365857623519179761e-19 1.514841225886063314e-19 3.839498417584031059e-20 8.950891029017548457e-20 6.838637974050788560e-20 7.185175650854358046e-20 6.799521009688467200e-20 3.861165748869432829e-20
-2.440336235153495524e-17 4.722667524665954862e-18 6.202867046494722457e-18 4.543918716855640100e-19 2.253447753388923026e-19 1.383091186546648210e-19 8.710088455543672865e-20 5.898142290119089537e-20 4.509960606161538701e-20 1.812679125396234663e-20 3.291014711842141058e-20 2.756369948903250925e-20 1.900339669394557425e-20 1.596420670959166246e-20 1.061445652348947901e-20
-5.044726532879408967e-18 1.646726167415594509e-18 4.543918716855640100e-19 1.438189467294532053e-18 1.005174679989995756e-19 4.241289881879921322e-20 2.993934664697181885e-20 1.869260322873002612e-20 1.442400276486771653e-20 1.334844708263792173e-20 1.478811672703330361e-20 6.864558721697326950e-21 8.228451205366790397e-21 5.498753266604725911e-21 2.774169338691672268e-21
-1.676991710408651388e-18 7.770453609311492437e-19 2.253447753388923026e-19 1.005174679989995756e-19 5.158558085348641214e-19 2.096714074768402874e-20 1.169064182061159919e-20 1.272330827196021807e-20 7.122931522983885083e-21 3.523153553384575573e-21 1.888496004250135817e-21 4.725839710123681527e-21 4.061571441314124675e-21 2.212408053725366581e-21 1.991531678717603050e-21
-1.763815798731992026e-18 5.117094695489531538e-19 1.383091186546648210e-19 4.241289881879921322e-20 2.096714074768402874e-20 2.423572113117357161e-19 1.084408297817100304e-20 3.228320903190384341e-21 3.846835773005453095e-21 3.133833631998803365e-21 2.071869168262680176e-21 2.718474430558729144e-22 2.718093166820964773e-21 1.622761240401902192e-21 1.399500206533978449e-21
-8.396596102299630577e-19 2.378349882729734281e-19 8.710088455543672865e-20 2.993934664697181885e-20 1.169064182061159919e-20 1.084408297817100304e-20 1.201702140749696229e-19 2.626910673996298216e-21 4.978689557170953987e-22 3.528671707348822853e-21 2.064402037859411073e-21 6.679874083549997608e-22 1.443363336509008153e-21 7.533285058572176124e-22 3.166909243862155428e-22
-1.560946900169551606e-19 2.365857623519179761e-19 5.898142290119089537e-20 1.869260322873002612e-20 1.272330827196021807e-20 3.228320903190384341e-21 2.626910673996298216e-21 6.851876222683107719e-20 1.768633487838583705e-21 8.958688126047654443e-22 7.841972926986363972e-22 6.448157511596540530e-22 5.650698446736136938e-22 1.261083622294344770e-21 1.002319672962683786e-21
-7.011278845366133795e-19 1.514841225886063314e-19 4.509960606161538701e-20 1.442400276486771653e-20 7.122931522983885083e-21 3.846835773005453095e-21 4.978689557170953987e-22 1.768633487838583705e-21 3.936954177513107656e-20 1.874789020584444743e-22 1.098089964223662591e-21 5.521246081475980208e-22 9.726242349785632897e-22 8.749349042869595941e-22 3.089956334992402753e-22
-6.334221407111155852e-19 3.839498417584031059e-20 1.812679125396234663e-20 1.334844708263792173e-20 3.523153553384575573e-21 3.133833631998803365e-21 3.528671707348822853e-21 8.958688126047654443e-22 1.874789020584444743e-22 2.577360473015771274e-20 -1.383778891267992400e-22 9.352631465310071192e-23 -2.272179652012124903e-22 4.569067572633314564e-22 3.232443982079388521e-22
-6.232468908346537846e-19 8.950891029017548457e-20 3.291014711842141058e-20 1.478811672703330361e-20 1.888496004250135817e-21 2.071869168262680176e-21 2.064402037859411073e-21 7.841972926986363972e-22 1.098089964223662591e-21 -1.383778891267992400e-22 1.760002606565809515e-20 7.316815499585479597e-22 5.965201202752292989e-22 5.122828295350907432e-22 -1.307258524568515675e-23
-3.503589628356361008e-21 6.838637974050788560e-20 2.756369948903250925e-20 6.864558721697326950e-21 4.725839710123681527e-21 2.718474430558729144e-22 6.679874083549997608e-22 6.448157511596540530e-22 5.521246081475980208e-22 9.352631465310071192e-23 7.316815499585479597e-22 1.196531788848310712e-20 4.013542656632386272e-23 1.662256883024585354e-22 7.772466504076697999e-23
-3.447648236236328934e-19 7.185175650854358046e-20 1.900339669394557425e-20 8.228451205366790397e-21 4.061571441314124675e-21 2.718093166820964773e-21 1.443363336509008153e-21 5.650698446736136938e-22 9.726242349785632897e-22 -2.272179652012124903e-22 5.965201202752292989e-22 4.013542656632386272e-23 8.431516580404723422e-21 1.809087026999981577e-22 9.734086060373973479e-23
-2.355388007642997021e-19 6.799521009688467200e-20 1.596420670959166246e-20 5.498753266604725911e-21 2.212408053725366581e-21 1.622761240401902192e-21 7.533285058572176124e-22 1.261083622294344770e-21 8.749349042869595941e-22 4.569067572633314564e-22 5.122828295350907432e-22 1.662256883024585354e-22 1.809087026999981577e-22 5.978396016868580978e-21 1.808323045803322035e-22
-4.088471766930849342e-19 3.861165748869432829e-20 1.061445652348947901e-20 2.774169338691672268e-21 1.991531678717603050e-21 1.399500206533978449e-21 3.166909243862155428e-22 1.002319672962683786e-21 3.089956334992402753e-22 3.232443982079388521e-22 -1.307258524568515675e-23 7.772466504076697999e-23 9.734086060373973479e-23 1.808323045803322035e-22 4.376514076856487388e-21
