3.217742728244658349e-14 5.152592058548021679e-17 -4.690747358512166701e-18 -2.608499549982785744e-19 5.881495678802687135e-18 2.232613897412660685e-18 1.519644839049516254e-18 -4.340165507871691795e-19 6.483620243839679315e-19 8.018708843141190439e-19 1.982877387741625999e-18 3.550403943801110260e-19 -5.457653948449313774e-19 -7.706755181966752911e-19 -2.854445192260771803e-19
5.152592058548021679e-17 1.375172582580165571e-16 2.607830424923583065e-19 -1.230685131392779775e-18 -3.700700140464807438e-19 -2.173612480786842488e-20 -5.954961799402513458e-20 -1.616688628736557835e-19 -3.382186203637543132e-20 2.789291652226652289e-20 9.166090707919819211e-21 -6.805175822411634867e-20 4.916882684333017780e-20 -1.542717045450243699e-20 7.283318322090412971e-21
-4.690747358512166701e-18 2.607830424923583065e-19 1.790777769561690837e-17 5.196551681438447060e-19 1.336872312857108988e-19 1.046261476513798372e-19 1.209723096617734973e-21 1.056993912913952839e-19 1.471431863235458996e-20 2.450151247045122455e-20 2.719813175821450004e-21 -2.905939362888387908e-20 -1.803166241820896795e-20 -1.948621239008582391e-22 -1.408879715891795032e-20
-2.608499549982785744e-19 -1.230685131392779775e-18 5.196551681438447060e-19 4.592308800019591325e-18 1.156921527260483804e-19 4.752300022885879920e-20 4.736076901943743116e-20 5.355924669664541720e-20 2.576930400066410899e-20 1.214942040977848730e-21 -8.796521170584269034e-21 -2.437774994669220243e-20 1.823961704260887168e-21 -1.083392613350264520e-20 -4.997000240607598092e-21
5.881495678802687135e-18 -3.700700140464807438e-19 1.336872312857108988e-19 1.156921527260483804e-19 1.820080363311079533e-18 5.684031447402426320e-20 1.853479605835159707e-20 -6.571707880356268130e-21 2.055824525653936967e-20 -3.968040390302957856e-21 -2.558117746260415450e-21 -1.161354860927467252e-20 -7.562532697123951295e-21 -8.381351771767476172e-21 -6.559132741095566979e-21
2.232613897412660685e-18 -2.173612480786842488e-20 1.046261476513798372e-19 4.752300022885879920e-20 5.684031447402426320e-20 8.176216004480044462e-19 -2.827508175289601053e-21 9.702556225935027505e-21 -2.317541929250086291e-21 -2.820303064784432435e-22 -3.669238807429049234e-21 -4.058639502884410309e-21 -3.592591715311383235e-21 -2.241974525215134450e-21 -1.352265140321802263e-21
1.519644839049516254e-18 -5.954961799402513458e-20 1.209723096617734973e-21 4.736076901943743116e-20 1.853479605835159707e-20 -2.827508175289601053e-21 4.240706329061172120e-19 1.011216261055122079e-20 1.927977490083367801e-21 4.803231327815572745e-21 2.841227899655972957e-21 -4.539571531809985877e-21 2.484480394545427778e-21 -1.620378532076285694e-21 -1.164451747060486670e-21
-4.340165507871691795e-19 -1.616688628736557835e-19 1.056993912913952839e-19 5.355924669664541720e-20 -6.571707880356268130e-21 9.702556225935027505e-21 1.011216261055122079e-20 2.457407316656980935e-19 1.727323901241946873e-21 -4.609692884043960334e-21 2.090551787235052343e-21 -1.109872066550201983e-21 7.772666348515029063e-22 2.429673118530598472e-22 -3.144989768913820690e-23
6.483620243839679315e-19 -3.382186203637543132e-20 1.471431863235458996e-20 2.576930400066410899e-20 2.055824525653936967e-20 -2.317541929250086291e-21 1.927977490083367801e-21 1.727323901241946873e-21 1.394062750915751710e-19 -1.137025647558934591e-21 -1.691869032550346934e-21 -1.130810808481921980e-21 4.794978576882811368e-22 -1.473113687242462445e-21 1.370325658395935409e-21
8.018708843141190439e-19 2.789291652226652289e-20 2.450151247045122455e-20 1.214942040977848730e-21 -3.968040390302957856e-21 -2.820303064784432435e-22 4.803231327815572745e-21 -4.609692884043960334e-21 -1.137025647558934591e-21 9.048905120200637618e-20 -1.215055763368841359e-21 6.064362457394997649e-22 -2.030080715854930740e-22 3.956889523978021717e-22 -9.959880901854892434e-24
1.982877387741625999e-18 9.166090707919819211e-21 2.719813175821450004e-21 -8.796521170584269034e-21 -2.558117746260415450e-21 -3.669238807429049234e-21 2.841227899655972957e-21 2.090551787235052343e-21 -1.691869032550346934e-21 -1.215055763368841359e-21 6.205705098176555607e-20 6.176992448867262858e-22 8.045801232342695583e-22 -2.722808718721365662e-22 -6.492642872937844357e-23
3.550403943801110260e-19 -6.805175822411634867e-20 -2.905939362888387908e-20 -2.437774994669220243e-20 -1.161354860927467252e-20 -4.058639502884410309e-21 -4.539571531809985877e-21 -1.109872066550201983e-21 -1.130810808481921980e-21 6.064362457394997649e-22 6.176992448867262858e-22 3.959658944868406900e-20 3.677394899854242554e-22 4.279052059201624487e-22 2.172261833864324443e-22
-5.457653948449313774e-19 4.916882684333017780e-20 -1.803166241820896795e-20 1.823961704260887168e-21 -7.562532697123951295e-21 -3.592591715311383235e-21 2.484480394545427778e-21 7.772666348515029063e-22 4.794978576882811368e-22 -2.030080715854930740e-22 8.045801232342695583e-22 3.677394899854242554e-22 2.715114859131016760e-20 -2.121111711457981104e-22 5.193244575356109756e-23
-7.706755181966752911e-19 -1.542717045450243699e-20 -1.948621239008582391e-22 -1.083392613350264520e-20 -8.381351771767476172e-21 -2.241974525215134450e-21 -1.620378532076285694e-21 2.429673118530598472e-22 -1.473113687242462445e-21 3.956889523978021717e-22 -2.722808718721365662e-22 4.279052059201624487e-22 -2.121111711457981104e-22 1.971495691950127892e-20 9.369850948512441061e-22
-2.854445192260771803e-19 7.283318322090412971e-21 -1.408879715891795032e-20 -4.997000240607598092e-21 -6.559132741095566979e-21 -1.352265140321802263e-21 -1.164451747060486670e-21 -3.144989768913820690e-23 1.370325658395935409e-21 -9.959880901854892434e-24 -6.492642872937844357e-23 2.172261833864324443e-22 5.193244575356109756e-23 9.369850948512441061e-22 1.415392465611867577e-20
