2.718698803716801932e-14 1.619901313764318678e-16 3.352235684566607909e-17 1.388001524334695895e-17 1.612848737524990089e-17 7.781912700229743699e-18 7.776932802872084451e-18 6.567119476460262716e-18 6.665184961288867612e-18 5.102938246955269066e-18 4.864227354739932094e-18 3.623295035480698571e-18 2.622592717355772372e-18 2.351453269922319188e-18 1.482074694041083755e-18
1.619901313764318678e-16 4.078606328949048978e-17 1.291250046051231726e-18 8.496754872748790694e-19 5.191974019597778138e-19 3.972987526541778190e-19 3.958475872242558851e-19 2.361525471577815733e-19 2.464768295856184523e-19 2.098746735286749520e-19 2.234766592622928491e-19 1.434965444767809698e-19 1.116175975945628801e-19 9.223486389306799944e-20 4.104967505971755769e-20
3.352235684566607909e-17 1.291250046051231726e-18 5.206269592594143465e-18 6.303294012034933464e-20 1.352705413585990362e-19 9.099830552534542547e-20 6.312999907497033846e-20 5.128269032347429785e-20 3.665401760595384374e-20 3.930293438715497934e-20 2.910140443548273427e-20 3.116626238660644666e-20 2.598201352155090984e-20 1.961916226271779969e-20 8.255155866099121037e-21
1.388001524334695895e-17 8.496754872748790694e-19 6.303294012034933464e-20 1.408128422059772187e-18 4.412883568323932601e-20 3.180948871318034751e-20 4.386311484830081759e-20 2.711178794022304300e-20 3.154396273601291023e-20 2.668636462849270099e-20 2.535435884856160082e-20 1.414606717675866835e-20 1.357916167467647148e-20 9.945042414535738357e-21 3.452037674384785159e-21
1.612848737524990089e-17 5.191974019597778138e-19 1.352705413585990362e-19 4.412883568323932601e-20 6.297653146363600327e-19 4.173664258338304916e-20 2.766733485682557394e-20 2.604360791039946369e-20 2.219592314113444444e-20 1.690833193467807596e-20 1.689959364860680105e-20 1.378464264229900995e-20 8.366432791212303727e-21 5.545493707373071063e-21 5.510412635431792614e-21
7.781912700229743699e-18 3.972987526541778190e-19 9.099830552534542547e-20 3.180948871318034751e-20 4.173664258338304916e-20 2.918391809468445348e-19 2.738401378279706554e-20 1.777498895739443483e-20 1.692881488455571122e-20 1.472801686904962740e-20 1.244088274102024887e-20 8.551574368197101913e-21 6.107847922397893235e-21 4.045041272410663378e-21 2.878191143050102617e-21
7.776932802872084451e-18 3.958475872242558851e-19 6.312999907497033846e-20 4.386311484830081759e-20 2.766733485682557394e-20 2.738401378279706554e-20 1.736467229170995446e-19 1.552609847612013834e-20 1.383535834227122160e-20 1.149797908785840288e-20 9.846184262490449341e-21 6.719772942560846798e-21 5.101210114943445206e-21 4.760351011979844684e-21 2.562302178755671143e-21
6.567119476460262716e-18 2.361525471577815733e-19 5.128269032347429785e-20 2.711178794022304300e-20 2.604360791039946369e-20 1.777498895739443483e-20 1.552609847612013834e-20 9.559038386275569708e-20 1.152102584951625394e-20 9.978212280005686156e-21 9.006870266432143992e-21 6.617699675916912570e-21 5.030458715429952336e-21 3.799789659399817849e-21 1.647859406631312708e-21
6.665184961288867612e-18 2.464768295856184523e-19 3.665401760595384374e-20 3.154396273601291023e-20 2.219592314113444444e-20 1.692881488455571122e-20 1.383535834227122160e-20 1.152102584951625394e-20 6.215436835115999623e-20 8.109045888944171062e-21 7.952096041649351204e-21 5.051660373680256853e-21 4.089336914876250064e-21 2.903790039166467907e-21 2.128714683891980138e-21
5.102938246955269066e-18 2.098746735286749520e-19 3.930293438715497934e-20 2.668636462849270099e-20 1.690833193467807596e-20 1.472801686904962740e-20 1.149797908785840288e-20 9.978212280005686156e-21 8.109045888944171062e-21 3.778775198743428938e-20 6.481541100813855872e-21 5.277028274156908459e-21 3.649449964035023048e-21 2.607380425338900357e-21 1.538407250958933858e-21
4.864227354739932094e-18 2.234766592622928491e-19 2.910140443548273427e-20 2.535435884856160082e-20 1.689959364860680105e-20 1.244088274102024887e-20 9.846184262490449341e-21 9.006870266432143992e-21 7.952096041649351204e-21 6.481541100813855872e-21 2.582357893629051576e-20 4.072143078048524145e-21 3.544062461991650363e-21 2.404300007759771310e-21 1.667291708831214109e-21
3.623295035480698571e-18 1.434965444767809698e-19 3.116626238660644666e-20 1.414606717675866835e-20 1.378464264229900995e-20 8.551574368197101913e-21 6.719772942560846798e-21 6.617699675916912570e-21 5.051660373680256853e-21 5.277028274156908459e-21 4.072143078048524145e-21 1.526303372497050558e-20 2.329238392733695632e-21 1.578470793018431514e-21 1.077801772212312254e-21
2.622592717355772372e-18 1.116175975945628801e-19 2.598201352155090984e-20 1.357916167467647148e-20 8.366432791212303727e-21 6.107847922397893235e-21 5.101210114943445206e-21 5.030458715429952336e-21 4.089336914876250064e-21 3.649449964035023048e-21 3.544062461991650363e-21 2.329238392733695632e-21 9.822425434982956679e-21 1.404622801036224992e-21 7.841987358450865043e-22
2.351453269922319188e-18 9.223486389306799944e-20 1.961916226271779969e-20 9.945042414535738357e-21 5.545493707373071063e-21 4.045041272410663378e-21 4.760351011979844684e-21 3.799789659399817849e-21 2.903790039166467907e-21 2.607380425338900357e-21 2.404300007759771310e-21 1.578470793018431514e-21 1.404622801036224992e-21 6.595398407778053984e-21 5.214176406455268364e-22
1.482074694041083755e-18 4.104967505971755769e-20 8.255155866099121037e-21 3.452037674384785159e-21 5.510412635431792614e-21 2.878191143050102617e-21 2.562302178755671143e-21 1.647859406631312708e-21 2.128714683891980138e-21 1.538407250958933858e-21 1.667291708831214109e-21 1.077801772212312254e-21 7.841987358450865043e-22 5.214176406455268364e-22 4.574102853018304859e-21
