1.770520747274719067e-13 -8.220132502909159534e-16 -2.816204880034044275e-16 -1.075138993961111590e-16 -4.469413252438099777e-17 -2.456412059963995488e-17 -1.097306102341087213e-17 -6.504490198801552986e-18 -7.586442049283827213e-18 -2.614568016365562893e-18 -8.072571269624674039e-19 -5.246788692961353106e-18 -3.351824217130908851e-18 -2.169912170772927525e-18 -2.042578333160558031e-18
-8.220132502909159534e-16 2.417104454624450102e-16 1.196850272650912019e-17 3.929153738237325572e-18 1.605840508732231875e-18 4.167964362104209259e-19 3.793955405969205050e-19 -1.693455759621089604e-19 1.658620717729328799e-19 5.088842234990770981e-20 1.378319307771054594e-19 1.997811711113823868e-19 1.787391605420924555e-19 1.857634623972694509e-19 -1.736002874880033044e-20
-2.816204880034044275e-16 1.196850272650912019e-17 3.305079220397445526e-17 1.106315051783971429e-18 7.475301728905582175e-19 6.353475648245290617e-20 -9.755922191009883009e-21 1.533800264549115990e-20 5.808692039186989451e-21 8.678485599223740469e-20 3.517412876278141585e-20 6.243015419341179090e-20 3.624438688021012786e-20 3.040247134824116134e-20 1.190037440536276340e-20
-1.075138993961111590e-16 3.929153738237325572e-18 1.106315051783971429e-18 9.067447742154552756e-18 -8.129583984560958702e-20 1.067208288652896356e-20 -8.138623904512111117e-21 -3.839261736808959190e-21 3.943254006411563533e-20 4.174363428464885353e-20 3.403577545619347838e-20 -9.663542747211174942e-21 2.546208468955647716e-20 1.485894294493374090e-20 1.289513706697531617e-20
-4.469413252438099777e-17 1.605840508732231875e-18 7.475301728905582175e-19 -8.129583984560958702e-20 2.980666007269306918e-18 3.796781127091954625e-20 1.211578220373133071e-20 3.430712994984082106e-20 5.926797031945154702e-21 2.089695692620513820e-20 -6.618657659381034588e-21 1.681160801238117019e-20 1.185282433019436221e-20 -1.335488580437726611e-21 4.682735123128565971e-21
-2.456412059963995488e-17 4.167964362104209259e-19 6.353475648245290617e-20 1.067208288652896356e-20 3.796781127091954625e-20 1.304446063286282197e-18 -6.556121795675720731e-21 7.178137876946336541e-22 2.928711865359003043e-21 -2.192785982427567647e-21 1.304550399824763647e-22 2.720885335390562484e-21 5.838491184718117598e-22 -2.730145543569660845e-21 1.644933357975082520e-21
-1.097306102341087213e-17 3.793955405969205050e-19 -9.755922191009883009e-21 -8.138623904512111117e-21 1.211578220373133071e-20 -6.556121795675720731e-21 6.569518045259604308e-19 1.130514312498475306e-20 3.622619137319375927e-21 9.762715980585568591e-22 2.586755344586321830e-21 2.505919283911189501e-21 1.235458921665680410e-21 -1.318524734432433096e-21 -2.218156001302965069e-21
-6.504490198801552986e-18 -1.693455759621089604e-19 1.533800264549115990e-20 -3.839261736808959190e-21 3.430712994984082106e-20 7.178137876946336541e-22 1.130514312498475306e-20 3.494352710917477097e-19 -3.108162837637210352e-21 3.680920135380222231e-21 1.150562146944460990e-21 2.679158865854037463e-21 6.757185362287341611e-22 9.746207430834149026e-22 3.017539038487463704e-21
-7.586442049283827213e-18 1.658620717729328799e-19 5.808692039186989451e-21 3.943254006411563533e-20 5.926797031945154702e-21 2.928711865359003043e-21 3.622619137319375927e-21 -3.108162837637210352e-21 1.946755706308073105e-19 6.963761598485501343e-22 1.277397810831024088e-21 6.582845601421618794e-22 1.306030231527491558e-21 -4.513926248463068511e-22 7.838643513784355922e-22
-2.614568016365562893e-18 5.088842234990770981e-20 8.678485599223740469e-20 4.174363428464885353e-20 2.089695692620513820e-20 -2.192785982427567647e-21 9.762715980585568591e-22 3.680920135380222231e-21 6.963761598485501343e-22 1.068190345090789547e-19 5.402241243466533820e-22 1.537088907056378066e-21 -2.602265873550452934e-22 9.211390831437766720e-22 6.802219897704058574e-22
-8.072571269624674039e-19 1.378319307771054594e-19 3.517412876278141585e-20 3.403577545619347838e-20 -6.618657659381034588e-21 1.304550399824763647e-22 2.586755344586321830e-21 1.150562146944460990e-21 1.277397810831024088e-21 5.402241243466533820e-22 6.535836935866552409e-20 -4.890883038390306037e-22 5.938867706401403297e-22 4.215532682347453200e-23 2.231382171365486261e-21
-5.246788692961353106e-18 1.997811711113823868e-19 6.243015419341179090e-20 -9.663542747211174942e-21 1.681160801238117019e-20 2.720885335390562484e-21 2.505919283911189501e-21 2.679158865854037463e-21 6.582845601421618794e-22 1.537088907056378066e-21 -4.890883038390306037e-22 4.062562364850931021e-20 1.720068503348599673e-21 4.498407041428173246e-22 -3.468721854870722936e-23
-3.351824217130908851e-18 1.787391605420924555e-19 3.624438688021012786e-20 2.546208468955647716e-20 1.185282433019436221e-20 5.838491184718117598e-22 1.235458921665680410e-21 6.757185362287341611e-22 1.306030231527491558e-21 -2.602265873550452934e-22 5.938867706401403297e-22 1.720068503348599673e-21 2.740142138051058232e-20 1.566969325672739953e-21 2.442121379091251792e-22
-2.169912170772927525e-18 1.857634623972694509e-19 3.040247134824116134e-20 1.485894294493374090e-20 -1.335488580437726611e-21 -2.730145543569660845e-21 -1.318524734432433096e-21 9.746207430834149026e-22 -4.513926248463068511e-22 9.211390831437766720e-22 4.215532682347453200e-23 4.498407041428173246e-22 1.566969325672739953e-21 1.855861627294276142e-20 5.017212769031819714e-22
-2.042578333160558031e-18 -1.736002874880033044e-20 1.190037440536276340e-20 1.289513706697531617e-20 4.682735123128565971e-21 1.644933357975082520e-21 -2.218156001302965069e-21 3.017539038487463704e-21 7.838643513784355922e-22 6.802219897704058574e-22 2.231382171365486261e-21 -3.468721854870722936e-23 2.442121379091251792e-22 5.017212769031819714e-22 1.350701911274843282e-20
