2.405397832482708321e-14 -2.701113415087947146e-16 -7.700573955597554683e-17 -8.228555769136160788e-18 -1.097154461171916970e-17 -5.750081861648031634e-18 -3.641286114045149532e-18 -3.151826281729106064e-18 -1.012506566271005862e-18 9.443347740516674196e-19 -9.862832242965191551e-21 2.550112372688159281e-19 6.340180568278964389e-19 -2.616918892017073492e-19 4.296705215416571688e-20
-2.701113415087947146e-16 2.254893957268051643e-16 8.538569019346525464e-18 2.584996782965243992e-18 6.871461751453070021e-19 5.147521673796656060e-19 2.476588874018113711e-20 6.394673300068858860e-20 6.144442418727734978e-20 -7.761356204989256128e-20 4.026974745385516202e-20 -4.084034061967162856e-20 7.201068348655103936e-20 5.088965811872480430e-20 1.858102127890683002e-20
-7.700573955597554683e-17 8.538569019346525464e-18 2.529737176141045568e-17 8.926895521480553537e-19 2.359990946315535979e-19 7.054936740635667525e-20 9.124647231590515180e-20 4.761459397520359132e-20 6.754177520626621211e-20 5.389376349478982617e-20 1.142676292281127468e-20 4.980553078282191335e-20 5.330910377038539448e-21 1.723347025808235076e-20 -1.483709823702029281e-21
-8.228555769136160788e-18 2.584996782965243992e-18 8.926895521480553537e-19 5.696202896540425292e-18 2.694881372744213708e-21 8.426770217284796126e-20 1.123087790933068759e-20 -2.515856519108484383e-20 1.796363721292527849e-20 5.484029013150595418e-21 2.927361728041188911e-21 8.221886640720825828e-21 -1.943405659135238158e-20 -5.557721496430503768e-21 1.779252910086729816e-21
-1.097154461171916970e-17 6.871461751453070021e-19 2.359990946315535979e-19 2.694881372744213708e-21 1.936650583419127721e-18 -1.669972283536050147e-20 1.748055880735706889e-20 -1.803118472971285629e-22 -2.128013454533454106e-20 2.502452690175484652e-21 1.286616007299476772e-20 7.458217354010360589e-22 5.735499145835777166e-21 -2.285613262876241461e-21 1.365924990594834556e-21
-5.750081861648031634e-18 5.147521673796656060e-19 7.054936740635667525e-20 8.426770217284796126e-20 -1.669972283536050147e-20 8.536113918306833534e-19 4.672174603848684358e-22 -9.552472042721583718e-21 4.619456357720459672e-21 2.099861294491803146e-21 -5.324597235630059923e-21 6.561919494155770645e-21 -7.457618811509370987e-22 3.923851533111856141e-21 1.060692113414547008e-21
-3.641286114045149532e-18 2.476588874018113711e-20 9.124647231590515180e-20 1.123087790933068759e-20 1.748055880735706889e-20 4.672174603848684358e-22 4.074493238234618180e-19 2.913272137201277090e-21 -2.334191177950932559e-23 -4.240374187522894440e-21 8.835862737751796362e-22 -5.857338495948731723e-22 -1.044478375773764526e-21 2.265775876389957879e-21 4.578888519687550081e-22
-3.151826281729106064e-18 6.394673300068858860e-20 4.761459397520359132e-20 -2.515856519108484383e-20 -1.803118472971285629e-22 -9.552472042721583718e-21 2.913272137201277090e-21 2.274068467395994051e-19 1.337686639638033108e-21 5.397734842861218285e-23 -1.231775310415195933e-21 -2.861265020165992042e-21 2.791991303631238378e-21 1.597828725688912850e-21 2.258887994451535350e-22
-1.012506566271005862e-18 6.144442418727734978e-20 6.754177520626621211e-20 1.796363721292527849e-20 -2.128013454533454106e-20 4.619456357720459672e-21 -2.334191177950932559e-23 1.337686639638033108e-21 1.338865312027180533e-19 -5.993976620467314081e-22 -1.854891287939459465e-21 1.113292506951701486e-22 8.557037164846492873e-22 -2.437779792481690055e-22 3.912086161570583477e-22
9.443347740516674196e-19 -7.761356204989256128e-20 5.389376349478982617e-20 5.484029013150595418e-21 2.502452690175484652e-21 2.099861294491803146e-21 -4.240374187522894440e-21 5.397734842861218285e-23 -5.993976620467314081e-22 8.074829996996857536e-20 -9.123286888028746196e-22 1.310058918421058541e-21 1.021448276394237419e-21 5.400509539651990320e-22 1.214212982273654985e-21
-9.862832242965191551e-21 4.026974745385516202e-20 1.142676292281127468e-20 2.927361728041188911e-21 1.286616007299476772e-20 -5.324597235630059923e-21 8.835862737751796362e-22 -1.231775310415195933e-21 -1.854891287939459465e-21 -9.123286888028746196e-22 5.385148332045465531e-20 -6.380574906297421330e-22 9.427136835468598946e-22 -2.960063447013443292e-23 -8.626076288840206774e-23
2.550112372688159281e-19 -4.084034061967162856e-20 4.980553078282191335e-20 8.221886640720825828e-21 7.458217354010360589e-22 6.561919494155770645e-21 -5.857338495948731723e-22 -2.861265020165992042e-21 1.113292506951701486e-22 1.310058918421058541e-21 -6.380574906297421330e-22 3.701177768628682261e-20 -2.820496008985733041e-22 4.431215902410179067e-23 -3.211566556905034890e-22
6.340180568278964389e-19 7.201068348655103936e-20 5.330910377038539448e-21 -1.943405659135238158e-20 5.735499145835777166e-21 -7.457618811509370987e-22 -1.044478375773764526e-21 2.791991303631238378e-21 8.557037164846492873e-22 1.021448276394237419e-21 9.427136835468598946e-22 -2.820496008985733041e-22 2.514320638675531222e-20 4.339736617474481377e-22 -3.773309186894758676e-22
-2.616918892017073492e-19 5.088965811872480430e-20 1.723347025808235076e-20 -5.557721496430503768e-21 -2.285613262876241461e-21 3.923851533111856141e-21 2.265775876389957879e-21 1.597828725688912850e-21 -2.437779792481690055e-22 5.400509539651990320e-22 -2.960063447013443292e-23 4.431215902410179067e-23 4.339736617474481377e-22 1.825749903804917019e-20 4.424636395343439679e-22
4.296705215416571688e-20 1.858102127890683002e-20 -1.483709823702029281e-21 1.779252910086729816e-21 1.365924990594834556e-21 1.060692113414547008e-21 4.578888519687550081e-22 2.258887994451535350e-22 3.912086161570583477e-22 1.214212982273654985e-21 -8.626076288840206774e-23 -3.211566556905034890e-22 -3.773309186894758676e-22 4.424636395343439679e-22 1.359391460984927018e-20
