4.336986736110086575e-14 4.389590619260280680e-17 -2.208909822750880550e-18 -5.837340270586382013e-18 -3.457550028857916027e-19 2.220486633587160821e-18 -5.955167381267509176e-18 -1.851525842861847947e-18 4.590128840497919828e-18 9.863539282611871934e-19 2.073012565430939553e-19 8.707822768490914315e-19 3.069492872805555681e-19 6.654401280585671272e-19 -6.724015154177543737e-19
4.389590619260280680e-17 1.393298232927901182e-16 4.072204187836738704e-19 6.747825317295669266e-19 1.545542055293696751e-19 3.889562388909773708e-19 1.435172678342301890e-19 1.255903600463306379e-19 3.512102225347004384e-20 -6.928007318613062681e-20 2.530841301683451597e-20 -2.920088430425784585e-20 -2.966228274071030188e-20 -6.213128166730364629e-20 -4.802509281202273682e-20
-2.208909822750880550e-18 4.072204187836738704e-19 1.792880752587478703e-17 7.085112261723064450e-19 2.133028406663147345e-19 1.616662397015340159e-19 1.439370513243718101e-19 3.793554440572860568e-20 2.047378981059729290e-20 -1.098789182153516056e-21 -1.753832076117463479e-20 -1.523569805344676235e-20 -2.355385025323853871e-20 -1.965483315429492852e-20 -5.611390469694292401e-21
-5.837340270586382013e-18 6.747825317295669266e-19 7.085112261723064450e-19 4.915228319283409526e-18 1.575561485958341692e-19 1.757986705853677367e-20 1.591135936701611334e-20 -3.119204659143251608e-20 2.172275313530682166e-20 -1.097120739075501128e-20 -8.933226987016028309e-21 -1.185047646196054494e-20 -9.697065970653883948e-21 -7.358695970626193988e-21 -1.169100494850559527e-20
-3.457550028857916027e-19 1.545542055293696751e-19 2.133028406663147345e-19 1.575561485958341692e-19 1.835542915278799519e-18 4.153728254026256167e-20 3.533729240609640206e-20 3.970056705040890653e-21 -1.823279146214563482e-20 1.985030967248539770e-21 6.436926203587563020e-22 -2.163654300407001958e-21 -1.051267398159444522e-20 -3.999851224014742697e-21 3.678193701307674746e-21
2.220486633587160821e-18 3.889562388909773708e-19 1.616662397015340159e-19 1.757986705853677367e-20 4.153728254026256167e-20 8.968674699842203240e-19 6.782264528207864684e-21 -1.515360049531821246e-20 -5.562449429402163735e-21 -2.118058956058699249e-21 -5.499682187220771825e-21 -3.298958950083794508e-21 2.096154718716146502e-22 -5.335072965910396016e-23 -3.298696651184611590e-21
-5.955167381267509176e-18 1.435172678342301890e-19 1.439370513243718101e-19 1.591135936701611334e-20 3.533729240609640206e-20 6.782264528207864684e-21 4.640978335034738987e-19 2.640879128919245380e-21 1.441490148258133664e-21 1.376651911540826796e-21 -2.845580555593606915e-21 4.276775237775539576e-22 -9.722131416610056225e-22 -3.205990916701181381e-21 -3.789420548352230697e-23
-1.851525842861847947e-18 1.255903600463306379e-19 3.793554440572860568e-20 -3.119204659143251608e-20 3.970056705040890653e-21 -1.515360049531821246e-20 2.640879128919245380e-21 2.586458247657565974e-19 -5.870958180909102606e-21 -3.686183287501573406e-22 3.514588877631579978e-21 1.225767208328556428e-21 2.497112146811534326e-22 -6.572278334169478325e-22 -2.854226959999274582e-21
4.590128840497919828e-18 3.512102225347004384e-20 2.047378981059729290e-20 2.172275313530682166e-20 -1.823279146214563482e-20 -5.562449429402163735e-21 1.441490148258133664e-21 -5.870958180909102606e-21 1.536746624210113286e-19 -2.298548918876840684e-22 3.904938209976305093e-21 -2.854008678037270357e-22 7.207929386090420526e-23 1.875958848879062691e-22 -9.685513593603961932e-22
9.863539282611871934e-19 -6.928007318613062681e-20 -1.098789182153516056e-21 -1.097120739075501128e-20 1.985030967248539770e-21 -2.118058956058699249e-21 1.376651911540826796e-21 -3.686183287501573406e-22 -2.298548918876840684e-22 9.526589443648333581e-20 1.129981369393219436e-22 1.510631945846886115e-21 1.367074335734953735e-21 3.944644268936492137e-22 -4.330515281420220026e-22
2.073012565430939553e-19 2.530841301683451597e-20 -1.753832076117463479e-20 -8.933226987016028309e-21 6.436926203587563020e-22 -5.499682187220771825e-21 -2.845580555593606915e-21 3.514588877631579978e-21 3.904938209976305093e-21 1.129981369393219436e-22 6.142032814621423732e-20 1.426341140839641433e-21 6.990827716995928799e-22 4.507531386208053847e-22 2.023348211068596624e-22
8.707822768490914315e-19 -2.920088430425784585e-20 -1.523569805344676235e-20 -1.185047646196054494e-20 -2.163654300407001958e-21 -3.298958950083794508e-21 4.276775237775539576e-22 1.225767208328556428e-21 -2.854008678037270357e-22 1.510631945846886115e-21 1.426341140839641433e-21 4.000211674505753967e-20 -5.841946710113275083e-23 -2.170617365913095650e-22 3.283260205181881307e-22
3.069492872805555681e-19 -2.966228274071030188e-20 -2.355385025323853871e-20 -9.697065970653883948e-21 -1.051267398159444522e-20 2.096154718716146502e-22 -9.722131416610056225e-22 2.497112146811534326e-22 7.207929386090420526e-23 1.367074335734953735e-21 6.990827716995928799e-22 -5.841946710113275083e-23 2.658575929093817163e-20 1.191162926251753654e-23 7.154781732105513529e-24
6.654401280585671272e-19 -6.213128166730364629e-20 -1.965483315429492852e-20 -7.358695970626193988e-21 -3.999851224014742697e-21 -5.335072965910396016e-23 -3.205990916701181381e-21 -6.572278334169478325e-22 1.875958848879062691e-22 3.944644268936492137e-22 4.507531386208053847e-22 -2.170617365913095650e-22 1.191162926251753654e-23 1.982833554842502147e-20 1.340583757421531900e-22
-6.724015154177543737e-19 -4.802509281202273682e-20 -5.611390469694292401e-21 -1.169100494850559527e-20 3.678193701307674746e-21 -3.298696651184611590e-21 -3.789420548352230697e-23 -2.854226959999274582e-21 -9.685513593603961932e-22 -4.330515281420220026e-22 2.023348211068596624e-22 3.283260205181881307e-22 7.154781732105513529e-24 1.340583757421531900e-22 1.451346200718213229e-20
