1.228145453474843098e-13 1.195784122810506720e-16 5.347734479899141824e-17 5.641037405065332600e-17 4.660685797809347146e-17 3.385506026419315843e-17 2.685955402769683790e-17 1.958093119062484717e-17 8.351193495353572288e-18 1.063043249780880826e-17 6.621697330320583400e-18 3.658017868135212653e-18 2.469919962614096084e-18 1.783464373430582843e-18 1.035480867224952342e-18
1.195784122810506720e-16 4.702820937159931203e-17 2.538105227216657862e-19 2.173610126880990729e-20 1.217380698003226036e-19 1.178108156795591329e-19 1.390682481306451062e-19 1.057691590448922107e-20 1.500307415084636474e-20 -2.189014309669507316e-20 4.414850311449573340e-21 8.096808558946559384e-21 1.646901194880189016e-20 4.765888572376072632e-21 -3.030431334789430720e-20
5.347734479899141824e-17 2.538105227216657862e-19 7.358421898977547379e-18 1.328975714486948845e-19 2.023188350809304637e-19 5.453820081287514299e-20 3.720226722048999724e-20 6.574548053724242601e-20 1.124942875192991464e-20 3.616042638518183433e-20 8.507984869596666620e-21 9.574340909821758492e-21 4.569664879487294805e-21 8.182928608639394439e-22 -1.728140391264280569e-21
5.641037405065332600e-17 2.173610126880990729e-20 1.328975714486948845e-19 2.352602056879993093e-18 4.900167670434957259e-20 9.932229531032799672e-20 6.954223041094190580e-20 5.326151309909871779e-20 3.212375468537530693e-20 1.756575548887400291e-20 1.084917980074913226e-20 8.731035794949348338e-21 7.335998894719451063e-21 2.926888076053643146e-21 2.348690519266511183e-21
4.660685797809347146e-17 1.217380698003226036e-19 2.023188350809304637e-19 4.900167670434957259e-20 9.121890562327731013e-19 9.460271006108027634e-20 4.766714672201603452e-20 3.433527235152144063e-20 2.151473677056007958e-20 1.866619639375276787e-20 1.193245244410141894e-20 1.224932295907528187e-20 6.090718520065978114e-21 2.333194730050929992e-21 2.758471588229956641e-21
3.385506026419315843e-17 1.178108156795591329e-19 5.453820081287514299e-20 9.932229531032799672e-20 9.460271006108027634e-20 4.361420041729572285e-19 3.944489334264817159e-20 2.693106847621371146e-20 2.183629522489255222e-20 1.598342764523427445e-20 6.890153241148681460e-21 9.286776061853876363e-21 1.916716884965468240e-21 1.344982052913142066e-21 1.950527382609470317e-21
2.685955402769683790e-17 1.390682481306451062e-19 3.720226722048999724e-20 6.954223041094190580e-20 4.766714672201603452e-20 3.944489334264817159e-20 2.247404008124436140e-19 2.020807252797305635e-20 1.209384067530633260e-20 1.058416874278729132e-20 7.208529957842025751e-21 4.331018137098429919e-21 2.804393731879215233e-21 1.479915861065717360e-21 3.619214426730628254e-22
1.958093119062484717e-17 1.057691590448922107e-20 6.574548053724242601e-20 5.326151309909871779e-20 3.433527235152144063e-20 2.693106847621371146e-20 2.020807252797305635e-20 1.144493701757507573e-19 8.886825050206638146e-21 8.019446002967869737e-21 4.569526985006935351e-21 3.396239962757939314e-21 1.668412605703593922e-21 1.667846165399565686e-21 1.447241101852270451e-21
8.351193495353572288e-18 1.500307415084636474e-20 1.124942875192991464e-20 3.212375468537530693e-20 2.151473677056007958e-20 2.183629522489255222e-20 1.209384067530633260e-20 8.886825050206638146e-21 6.115857779418445481e-20 4.027157335535453633e-21 1.977739752646188193e-21 1.922549963460373491e-21 1.721345734474796711e-21 6.401651644587777819e-22 8.153167835191296811e-22
1.063043249780880826e-17 -2.189014309669507316e-20 3.616042638518183433e-20 1.756575548887400291e-20 1.866619639375276787e-20 1.598342764523427445e-20 1.058416874278729132e-20 8.019446002967869737e-21 4.027157335535453633e-21 3.458104903533675704e-20 2.145336286516825502e-21 1.855676417636975532e-21 6.739423956320672747e-22 7.570506126678246854e-22 3.655342490520464123e-22
6.621697330320583400e-18 4.414850311449573340e-21 8.507984869596666620e-21 1.084917980074913226e-20 1.193245244410141894e-20 6.890153241148681460e-21 7.208529957842025751e-21 4.569526985006935351e-21 1.977739752646188193e-21 2.145336286516825502e-21 2.005690334877369943e-20 5.925196224200202527e-22 5.197364832212875637e-22 5.643506618665843196e-22 7.202716967609371163e-22
3.658017868135212653e-18 8.096808558946559384e-21 9.574340909821758492e-21 8.731035794949348338e-21 1.224932295907528187e-20 9.286776061853876363e-21 4.331018137098429919e-21 3.396239962757939314e-21 1.922549963460373491e-21 1.855676417636975532e-21 5.925196224200202527e-22 1.238295178600644097e-20 5.171246924468492861e-22 1.859958008377855965e-22 3.327154325247340639e-23
2.469919962614096084e-18 1.646901194880189016e-20 4.569664879487294805e-21 7.335998894719451063e-21 6.090718520065978114e-21 1.916716884965468240e-21 2.804393731879215233e-21 1.668412605703593922e-21 1.721345734474796711e-21 6.739423956320672747e-22 5.197364832212875637e-22 5.171246924468492861e-22 8.066071809981844540e-21 4.422649567730814422e-22 1.898940811043975541e-22
1.783464373430582843e-18 4.765888572376072632e-21 8.182928608639394439e-22 2.926888076053643146e-21 2.333194730050929992e-21 1.344982052913142066e-21 1.479915861065717360e-21 1.667846165399565686e-21 6.401651644587777819e-22 7.570506126678246854e-22 5.643506618665843196e-22 1.859958008377855965e-22 4.422649567730814422e-22 5.099463072652228853e-21 1.753799461729777847e-22
1.035480867224952342e-18 -3.030431334789430720e-20 -1.728140391264280569e-21 2.348690519266511183e-21 2.758471588229956641e-21 1.950527382609470317e-21 3.619214426730628254e-22 1.447241101852270451e-21 8.153167835191296811e-22 3.655342490520464123e-22 7.202716967609371163e-22 3.327154325247340639e-23 1.898940811043975541e-22 1.753799461729777847e-22 3.714449316326753841e-21
