1.784343415976098438e-13 4.772099398146301402e-16 2.461705671241738073e-16 1.336630481613759837e-16 6.206637449915391492e-17 4.085492773111852764e-17 2.131592511502523616e-17 1.485219789013494078e-17 7.760928628928736984e-18 5.756551095099049406e-18 2.371254146811950591e-18 2.105480610468286287e-18 1.162131932569219203e-18 7.514666734170864044e-19 5.378098390804691235e-19
4.772099398146301402e-16 4.189415542293125649e-17 4.350353789052570114e-18 1.917679641131800624e-18 1.033322986496114610e-18 6.257648519820474733e-19 4.086104381028540565e-19 2.111502575242370962e-19 1.706633680140726298e-19 8.719285730083119285e-20 6.292259942561870956e-20 4.249346468861204287e-20 1.894967621318402819e-20 1.148130902962006928e-20 9.080927610486780169e-21
2.461705671241738073e-16 4.350353789052570114e-18 7.315661627248745808e-18 1.060346124084678942e-18 5.763160560251054988e-19 3.351675738067729180e-19 2.011020384958667937e-19 1.008278126090637396e-19 6.042142795305577817e-20 4.452387238765019378e-20 2.592099848442357313e-20 1.824874004885652012e-20 1.513415848158243672e-20 8.048462763975392968e-21 5.986148032633436517e-21
1.336630481613759837e-16 1.917679641131800624e-18 1.060346124084678942e-18 1.771556913518227893e-18 2.850075227294354175e-19 1.476796022158519405e-19 9.535256209912314741e-20 5.858156585697927849e-20 2.470152243538750849e-20 2.250010887351739188e-20 1.004105231951743136e-20 9.943114097383353650e-21 4.536230142109666415e-21 3.926440569953921616e-21 1.801028918490167531e-21
6.206637449915391492e-17 1.033322986496114610e-18 5.763160560251054988e-19 2.850075227294354175e-19 6.128699179735462142e-19 7.701847537639814468e-20 5.814529904613225652e-20 2.712284393485670551e-20 1.965731457401596915e-20 1.247784424265396998e-20 8.975327083751728617e-21 5.705343764339278093e-21 1.578014762079620070e-21 2.561390372619731832e-21 2.261902854777843470e-21
4.085492773111852764e-17 6.257648519820474733e-19 3.351675738067729180e-19 1.476796022158519405e-19 7.701847537639814468e-20 2.531563358847599035e-19 2.978560773967118538e-20 1.640110725030531620e-20 9.109784934386628839e-21 6.244830862902869520e-21 5.017441308572372248e-21 2.989048789751560762e-21 2.283046168774913083e-21 1.163339779234367270e-21 1.040284036001442174e-21
2.131592511502523616e-17 4.086104381028540565e-19 2.011020384958667937e-19 9.535256209912314741e-20 5.814529904613225652e-20 2.978560773967118538e-20 1.112716841210149572e-19 1.138401379410724108e-20 5.406939325640542576e-21 4.896646193317933150e-21 2.694549879058894279e-21 1.136656130251746850e-21 1.077399133588704298e-21 9.999041236846722311e-22 8.399822925869489873e-22
1.485219789013494078e-17 2.111502575242370962e-19 1.008278126090637396e-19 5.858156585697927849e-20 2.712284393485670551e-20 1.640110725030531620e-20 1.138401379410724108e-20 5.246203594478250457e-20 3.818174670949325059e-21 3.601578494162833121e-21 1.023625988998395428e-21 1.323415212530421384e-21 2.518694643070227934e-22 1.881323934498040332e-22 2.338902132116520267e-22
7.760928628928736984e-18 1.706633680140726298e-19 6.042142795305577817e-20 2.470152243538750849e-20 1.965731457401596915e-20 9.109784934386628839e-21 5.406939325640542576e-21 3.818174670949325059e-21 2.661823194250077109e-20 1.335364030330330822e-21 3.924951427655393177e-22 9.616170643463174296e-22 1.962878676283891854e-22 3.269842211090723809e-22 -2.288023614435570982e-23
5.756551095099049406e-18 8.719285730083119285e-20 4.452387238765019378e-20 2.250010887351739188e-20 1.247784424265396998e-20 6.244830862902869520e-21 4.896646193317933150e-21 3.601578494162833121e-21 1.335364030330330822e-21 1.468566480533332176e-20 6.489037470744694547e-22 4.447496745749545366e-22 3.597964374759568167e-22 1.343575378767477346e-22 9.984731495052685507e-23
2.371254146811950591e-18 6.292259942561870956e-20 2.592099848442357313e-20 1.004105231951743136e-20 8.975327083751728617e-21 5.017441308572372248e-21 2.694549879058894279e-21 1.023625988998395428e-21 3.924951427655393177e-22 6.489037470744694547e-22 8.306466791226110437e-21 4.910497616053504784e-22 1.549121133564001972e-22 1.842524353717113783e-22 5.777692950853503621e-23
2.105480610468286287e-18 4.249346468861204287e-20 1.824874004885652012e-20 9.943114097383353650e-21 5.705343764339278093e-21 2.989048789751560762e-21 1.136656130251746850e-21 1.323415212530421384e-21 9.616170643463174296e-22 4.447496745749545366e-22 4.910497616053504784e-22 4.944331157841070744e-21 9.321490526786486600e-23 8.620010120832620296e-23 -1.678326528195512035e-23
1.162131932569219203e-18 1.894967621318402819e-20 1.513415848158243672e-20 4.536230142109666415e-21 1.578014762079620070e-21 2.283046168774913083e-21 1.077399133588704298e-21 2.518694643070227934e-22 1.962878676283891854e-22 3.597964374759568167e-22 1.549121133564001972e-22 9.321490526786486600e-23 2.923836157959928906e-21 1.998514342988668040e-23 3.293475720457848029e-23
7.514666734170864044e-19 1.148130902962006928e-20 8.048462763975392968e-21 3.926440569953921616e-21 2.561390372619731832e-21 1.163339779234367270e-21 9.999041236846722311e-22 1.881323934498040332e-22 3.269842211090723809e-22 1.343575378767477346e-22 1.842524353717113783e-22 8.620010120832620296e-23 1.998514342988668040e-23 1.889143189742318077e-21 1.915230665849312960e-23
5.378098390804691235e-19 9.080927610486780169e-21 5.986148032633436517e-21 1.801028918490167531e-21 2.261902854777843470e-21 1.040284036001442174e-21 8.399822925869489873e-22 2.338902132116520267e-22 -2.288023614435570982e-23 9.984731495052685507e-23 5.777692950853503621e-23 -1.678326528195512035e-23 3.293475720457848029e-23 1.915230665849312960e-23 1.288276061597964554e-21
