1.610041813948628684e-14 2.144020714637935535e-17 7.440288930927446582e-18 6.749243602072614402e-19 4.192235655672494784e-18 3.169130775436379971e-18 -3.254114910049664275e-19 1.616500581667042240e-18 7.048455193560296899e-19 4.798992902225361554e-19 1.132144448292080466e-18 4.677666080941005192e-19 2.475972052922414348e-19 -2.266575850593185135e-19 -1.226390338672358188e-19
2.144020714637935535e-17 5.919356402275758759e-17 4.485628675240208666e-18 1.467620327257798922e-18 9.992931555860821337e-19 5.335515236203739420e-19 4.948531743565807405e-19 3.407528613332795706e-19 2.281583575263956156e-19 2.435373183960696443e-19 2.240924097554815091e-19 1.691620829804110979e-19 1.824768229386292253e-19 1.253984898811935471e-19 8.186920886261428346e-20
7.440288930927446582e-18 4.485628675240208666e-18 5.096222749226363912e-18 3.592261691434798873e-19 2.061280441878026096e-19 1.105034723219287889e-19 8.353881037790790566e-20 7.688478306958739113e-20 5.848839633284521166e-20 5.291344765206804048e-20 4.709518616111232358e-20 3.900486639516319038e-20 3.338850160821716000e-20 2.872868065532581455e-20 1.716654679216971874e-20
6.749243602072614402e-19 1.467620327257798922e-18 3.592261691434798873e-19 1.291630219390818674e-18 7.638481784761801682e-20 5.170274414021156954e-20 4.046399681213298447e-20 2.490229048254817183e-20 2.765672352569001581e-20 1.947395100843338674e-20 1.685338664098193426e-20 1.345284814658646725e-20 1.540177756778481657e-20 7.951778038428096152e-21 7.607278101308175253e-21
4.192235655672494784e-18 9.992931555860821337e-19 2.061280441878026096e-19 7.638481784761801682e-20 5.222201842534930843e-19 3.427991499357833387e-20 2.421330759942427373e-20 1.573814005913152623e-20 1.327872383717271535e-20 1.203550384109311510e-20 1.200570623052618344e-20 8.365060608272857773e-21 4.547588912220873199e-21 5.103874267584862350e-21 3.156274875848111558e-21
3.169130775436379971e-18 5.335515236203739420e-19 1.105034723219287889e-19 5.170274414021156954e-20 3.427991499357833387e-20 2.551174806089909474e-19 1.100030335059021029e-20 1.062353090556184830e-20 6.094071260704571406e-21 6.934898201488198663e-21 5.771515664419031999e-21 4.641224373894251542e-21 4.163923926591995993e-21 2.080098071304329553e-21 2.753133707717375192e-21
-3.254114910049664275e-19 4.948531743565807405e-19 8.353881037790790566e-20 4.046399681213298447e-20 2.421330759942427373e-20 1.100030335059021029e-20 1.378161880212370929e-19 7.694950140413417559e-21 4.249538322946661921e-21 6.032870863049710220e-21 5.346736617904982930e-21 2.738488516032979275e-21 4.573803377478297942e-21 2.731654843055800036e-21 1.592685366533299824e-21
1.616500581667042240e-18 3.407528613332795706e-19 7.688478306958739113e-20 2.490229048254817183e-20 1.573814005913152623e-20 1.062353090556184830e-20 7.694950140413417559e-21 7.893154444265540909e-20 5.395427852678186361e-21 2.894931468159178245e-21 3.466735594188148441e-21 2.692566833644500960e-21 2.990627508496863624e-21 2.071900548825151980e-21 2.057315778101098217e-21
7.048455193560296899e-19 2.281583575263956156e-19 5.848839633284521166e-20 2.765672352569001581e-20 1.327872383717271535e-20 6.094071260704571406e-21 4.249538322946661921e-21 5.395427852678186361e-21 4.563416051562013563e-20 2.244393203193749429e-21 2.596510753999315215e-21 2.209966263352749279e-21 2.404409849285495258e-21 1.506924006079085160e-21 1.221665712952407529e-21
4.798992902225361554e-19 2.435373183960696443e-19 5.291344765206804048e-20 1.947395100843338674e-20 1.203550384109311510e-20 6.934898201488198663e-21 6.032870863049710220e-21 2.894931468159178245e-21 2.244393203193749429e-21 3.012347789959682579e-20 2.268765032543361242e-21 2.033037590413106688e-21 1.612688185060500810e-21 1.535836725826883917e-21 1.000458141550010406e-21
1.132144448292080466e-18 2.240924097554815091e-19 4.709518616111232358e-20 1.685338664098193426e-20 1.200570623052618344e-20 5.771515664419031999e-21 5.346736617904982930e-21 3.466735594188148441e-21 2.596510753999315215e-21 2.268765032543361242e-21 2.169747866928174394e-20 2.295907726504427168e-21 1.766151383210800676e-21 1.094105935526766899e-21 9.436220921521099109e-22
4.677666080941005192e-19 1.691620829804110979e-19 3.900486639516319038e-20 1.345284814658646725e-20 8.365060608272857773e-21 4.641224373894251542e-21 2.738488516032979275e-21 2.692566833644500960e-21 2.209966263352749279e-21 2.033037590413106688e-21 2.295907726504427168e-21 1.400523286451824875e-20 1.082335675515286449e-21 1.018759517860814377e-21 5.951382647113793518e-22
2.475972052922414348e-19 1.824768229386292253e-19 3.338850160821716000e-20 1.540177756778481657e-20 4.547588912220873199e-21 4.163923926591995993e-21 4.573803377478297942e-21 2.990627508496863624e-21 2.404409849285495258e-21 1.612688185060500810e-21 1.766151383210800676e-21 1.082335675515286449e-21 9.533688418193740069e-21 8.758690796198179356e-22 5.410401628887540758e-22
-2.266575850593185135e-19 1.253984898811935471e-19 2.872868065532581455e-20 7.951778038428096152e-21 5.103874267584862350e-21 2.080098071304329553e-21 2.731654843055800036e-21 2.071900548825151980e-21 1.506924006079085160e-21 1.535836725826883917e-21 1.094105935526766899e-21 1.018759517860814377e-21 8.758690796198179356e-22 6.610290736824290160e-21 6.495453193284829919e-22
-1.226390338672358188e-19 8.186920886261428346e-20 1.716654679216971874e-20 7.607278101308175253e-21 3.156274875848111558e-21 2.753133707717375192e-21 1.592685366533299824e-21 2.057315778101098217e-21 1.221665712952407529e-21 1.000458141550010406e-21 9.436220921521099109e-22 5.951382647113793518e-22 5.410401628887540758e-22 6.495453193284829919e-22 4.566154661642813751e-21
