2.443369336599304318e-14 2.607458293614736321e-17 -1.618106852038764643e-17 7.280655092393832175e-19 3.504952047560190328e-18 -2.067026603925875354e-18 8.557070009949037767e-19 1.360096142649948618e-18 -8.967327046954769037e-19 -1.762054007335686667e-19 4.306528451910452594e-19 4.758775806874120413e-19 -5.160322156683199822e-19 8.605300058568675115e-19 -1.375012451592171666e-20
2.607458293614736321e-17 1.544672085277804548e-16 9.334743252236775597e-19 -7.618634658756102595e-19 1.538140567273827312e-19 -1.132049637100970591e-19 -5.249633714285893272e-20 6.109157781483980472e-20 -1.460593142080350346e-19 -1.660290105848107075e-20 -4.657920525874091483e-20 5.120014955894137177e-20 1.980352885982848101e-20 2.100141671122837484e-20 -1.873399633959493978e-20
-1.618106852038764643e-17 9.334743252236775597e-19 1.643425622450668781e-17 -2.112638321477849891e-20 -5.080437453595104579e-20 -6.129853930713143272e-20 -8.622861134626334307e-21 -1.174089058187977046e-20 -8.731125434985247251e-21 -2.718663952520643015e-21 1.733884731758896751e-20 8.484807488511067602e-21 7.377282174638903932e-21 -7.342289558290469486e-21 1.429861059045718759e-20
7.280655092393832175e-19 -7.618634658756102595e-19 -2.112638321477849891e-20 4.682573563661963930e-18 -2.409406602629462761e-21 3.239752273799120380e-20 -1.665248702458604373e-20 3.629235933457405183e-21 1.093294915839818937e-20 1.076324089789402861e-20 5.072387493933027300e-21 -3.564153036860788286e-21 -5.160496486729438312e-21 6.391161426093256447e-21 2.661077369102708474e-21
3.504952047560190328e-18 1.538140567273827312e-19 -5.080437453595104579e-20 -2.409406602629462761e-21 1.673385096178293552e-18 1.112856981745434041e-20 -9.665081839614527417e-21 -2.924208931652416028e-21 -2.353882920038861304e-21 7.614663808124729957e-21 -9.988056285940097193e-21 -3.192625404628102302e-21 -5.307841307515152889e-21 -3.746515418864229217e-21 -5.477985583368856269e-21
-2.067026603925875354e-18 -1.132049637100970591e-19 -6.129853930713143272e-20 3.239752273799120380e-20 1.112856981745434041e-20 8.105633097751849201e-19 2.032123859361561616e-20 1.795964061915205525e-20 -4.010602305718963277e-21 6.755191072246919764e-21 -5.014519938638254986e-21 -6.136092690013632650e-21 -2.999799628404629077e-21 1.022359458903293587e-21 -2.162590185930107601e-21
8.557070009949037767e-19 -5.249633714285893272e-20 -8.622861134626334307e-21 -1.665248702458604373e-20 -9.665081839614527417e-21 2.032123859361561616e-20 4.062602803771132682e-19 9.837097638450595468e-21 3.115101973892648127e-21 -2.985337448494916593e-21 -2.318614732561767173e-21 -2.244555764365986403e-21 7.357404250419232346e-22 -1.949493665843869379e-21 7.353919999571679172e-22
1.360096142649948618e-18 6.109157781483980472e-20 -1.174089058187977046e-20 3.629235933457405183e-21 -2.924208931652416028e-21 1.795964061915205525e-20 9.837097638450595468e-21 2.382816698903615787e-19 -2.113004363787859686e-21 3.542764725815610724e-22 1.676824862762818240e-21 4.873117136485353673e-22 2.569551435841036467e-22 6.262004095787802445e-22 -9.476231826586612197e-22
-8.967327046954769037e-19 -1.460593142080350346e-19 -8.731125434985247251e-21 1.093294915839818937e-20 -2.353882920038861304e-21 -4.010602305718963277e-21 3.115101973892648127e-21 -2.113004363787859686e-21 1.419749871895524342e-19 1.049897088000641388e-21 -1.324984536849186362e-21 -2.994367975944423512e-22 -2.806681997905430625e-21 1.698513657441774230e-23 -1.241416541279430172e-21
-1.762054007335686667e-19 -1.660290105848107075e-20 -2.718663952520643015e-21 1.076324089789402861e-20 7.614663808124729957e-21 6.755191072246919764e-21 -2.985337448494916593e-21 3.542764725815610724e-22 1.049897088000641388e-21 8.817583311795534443e-20 -3.644901970471972503e-22 -2.174851764914516662e-21 6.753013526653757953e-22 -1.171423399608815363e-21 -1.956612482480654865e-22
4.306528451910452594e-19 -4.657920525874091483e-20 1.733884731758896751e-20 5.072387493933027300e-21 -9.988056285940097193e-21 -5.014519938638254986e-21 -2.318614732561767173e-21 1.676824862762818240e-21 -1.324984536849186362e-21 -3.644901970471972503e-22 5.915933687658261625e-20 -2.229376370147793175e-22 2.683729367845338185e-22 -5.345798676802140904e-22 1.020539647896119004e-21
4.758775806874120413e-19 5.120014955894137177e-20 8.484807488511067602e-21 -3.564153036860788286e-21 -3.192625404628102302e-21 -6.136092690013632650e-21 -2.244555764365986403e-21 4.873117136485353673e-22 -2.994367975944423512e-22 -2.174851764914516662e-21 -2.229376370147793175e-22 3.824658457797983459e-20 -4.236337660174716737e-22 -2.750252430729163651e-22 -3.654622565400862148e-22
-5.160322156683199822e-19 1.980352885982848101e-20 7.377282174638903932e-21 -5.160496486729438312e-21 -5.307841307515152889e-21 -2.999799628404629077e-21 7.357404250419232346e-22 2.569551435841036467e-22 -2.806681997905430625e-21 6.753013526653757953e-22 2.683729367845338185e-22 -4.236337660174716737e-22 2.560365330782416309e-20 1.914207625976380599e-22 -4.183741954028285066e-22
8.605300058568675115e-19 2.100141671122837484e-20 -7.342289558290469486e-21 6.391161426093256447e-21 -3.746515418864229217e-21 1.022359458903293587e-21 -1.949493665843869379e-21 6.262004095787802445e-22 1.698513657441774230e-23 -1.171423399608815363e-21 -5.345798676802140904e-22 -2.750252430729163651e-22 1.914207625976380599e-22 1.931506820289587745e-20 -2.265945242405376334e-22
-1.375012451592171666e-20 -1.873399633959493978e-20 1.429861059045718759e-20 2.661077369102708474e-21 -5.477985583368856269e-21 -2.162590185930107601e-21 7.353919999571679172e-22 -9.476231826586612197e-22 -1.241416541279430172e-21 -1.956612482480654865e-22 1.020539647896119004e-21 -3.654622565400862148e-22 -4.183741954028285066e-22 -2.265945242405376334e-22 1.453720082590510917e-20
