1.228634329666914150e-14 -3.787603069410142811e-17 -1.240998528816706670e-17 -5.396065499787828789e-18 1.235519988462711809e-18 -1.684179237014279628e-18 -1.048106237518790731e-19 -3.565849157535840731e-19 1.413350676818028392e-19 2.385319612140706241e-19 8.756166232357736446e-21 6.931328718502611787e-20 -3.760320144588103767e-19 6.112574532855596699e-20 -1.716316120885127697e-19
-3.787603069410142811e-17 5.971755467634605761e-17 4.759363899499224028e-18 2.028431180758950158e-18 8.172307222340798279e-19 5.058930493854239141e-19 4.256138249088579398e-19 2.669119615813156784e-19 2.022154806534624419e-19 1.724320894708136898e-19 1.669218160864836623e-19 1.594478656476785319e-19 1.310217684212608224e-19 1.045234758330954899e-19 6.280334501427847645e-20
-1.240998528816706670e-17 4.759363899499224028e-18 5.277682602565708220e-18 4.097752774391071055e-19 1.831213630541209775e-19 1.045534575572339218e-19 7.788967930178580566e-20 4.222599564788448935e-20 5.072258463821047510e-20 4.293715619802855007e-20 4.785011017502328260e-20 4.201158636613146491e-20 2.832053075715039080e-20 2.329367056515729210e-20 1.613232847247235063e-20
-5.396065499787828789e-18 2.028431180758950158e-18 4.097752774391071055e-19 1.398845682666539033e-18 2.883763504632599505e-20 4.281321682821893511e-20 2.909899218829345461e-20 1.860348100078000574e-20 1.605695532941613443e-20 2.012689343883918565e-20 2.330105462083523480e-20 1.344590842160610457e-20 1.152506260150322175e-20 8.333933319267359738e-21 7.649893322837489068e-21
1.235519988462711809e-18 8.172307222340798279e-19 1.831213630541209775e-19 2.883763504632599505e-20 4.999430639721153703e-19 2.420125260031519325e-20 1.530067933579090314e-20 1.285078903829400140e-20 6.471243152208303085e-21 7.104558377362858175e-21 1.893428249340856015e-21 5.033177473625324232e-21 3.901630608207768905e-21 4.002082126476854871e-21 2.403284021800447578e-21
-1.684179237014279628e-18 5.058930493854239141e-19 1.045534575572339218e-19 4.281321682821893511e-20 2.420125260031519325e-20 2.345216683870393957e-19 1.357945406651222009e-20 2.972290960042679244e-21 5.972096695330021626e-21 4.658895904534280934e-21 3.647607258044041696e-21 2.312853085213674274e-21 4.133665562609584736e-21 3.144789657147133123e-21 2.339327120878504000e-21
-1.048106237518790731e-19 4.256138249088579398e-19 7.788967930178580566e-20 2.909899218829345461e-20 1.530067933579090314e-20 1.357945406651222009e-20 1.300309935714184963e-19 4.861127064564060138e-21 4.842185778591500040e-21 3.608549101782550504e-21 2.899964686038619497e-21 3.032528201152729619e-21 2.685468484175529391e-21 1.844947563147378169e-21 1.683210795258061526e-21
-3.565849157535840731e-19 2.669119615813156784e-19 4.222599564788448935e-20 1.860348100078000574e-20 1.285078903829400140e-20 2.972290960042679244e-21 4.861127064564060138e-21 7.071530761299166935e-20 2.329658909818214251e-21 3.073349735699710801e-21 2.692103218431169103e-21 2.149637269159794206e-21 1.721866981111552105e-21 1.830706168215198229e-21 3.954325404621300293e-22
1.413350676818028392e-19 2.022154806534624419e-19 5.072258463821047510e-20 1.605695532941613443e-20 6.471243152208303085e-21 5.972096695330021626e-21 4.842185778591500040e-21 2.329658909818214251e-21 4.493422201177805310e-20 1.901338199064852654e-21 1.163607572234463394e-21 6.195399395721916898e-22 5.637905132524951088e-22 1.069408480567621365e-21 6.559094178052874494e-22
2.385319612140706241e-19 1.724320894708136898e-19 4.293715619802855007e-20 2.012689343883918565e-20 7.104558377362858175e-21 4.658895904534280934e-21 3.608549101782550504e-21 3.073349735699710801e-21 1.901338199064852654e-21 2.808514054013209329e-20 1.137445375176788291e-21 9.370839507385395406e-22 1.216423676516924208e-21 7.926981371473152728e-22 6.167096112470848819e-22
8.756166232357736446e-21 1.669218160864836623e-19 4.785011017502328260e-20 2.330105462083523480e-20 1.893428249340856015e-21 3.647607258044041696e-21 2.899964686038619497e-21 2.692103218431169103e-21 1.163607572234463394e-21 1.137445375176788291e-21 1.938506547285057927e-20 1.148354264152695460e-21 1.045266881451839406e-21 4.922371724047491982e-22 6.552564441051418844e-22
6.931328718502611787e-20 1.594478656476785319e-19 4.201158636613146491e-20 1.344590842160610457e-20 5.033177473625324232e-21 2.312853085213674274e-21 3.032528201152729619e-21 2.149637269159794206e-21 6.195399395721916898e-22 9.370839507385395406e-22 1.148354264152695460e-21 1.308299202285545295e-20 9.617734466262667042e-22 6.511394124493428907e-22 4.059273113279963665e-22
-3.760320144588103767e-19 1.310217684212608224e-19 2.832053075715039080e-20 1.152506260150322175e-20 3.901630608207768905e-21 4.133665562609584736e-21 2.685468484175529391e-21 1.721866981111552105e-21 5.637905132524951088e-22 1.216423676516924208e-21 1.045266881451839406e-21 9.617734466262667042e-22 8.683655320331978943e-21 5.566910514634523684e-22 3.137631914911142958e-22
6.112574532855596699e-20 1.045234758330954899e-19 2.329367056515729210e-20 8.333933319267359738e-21 4.002082126476854871e-21 3.144789657147133123e-21 1.844947563147378169e-21 1.830706168215198229e-21 1.069408480567621365e-21 7.926981371473152728e-22 4.922371724047491982e-22 6.511394124493428907e-22 5.566910514634523684e-22 6.173818630780573321e-21 2.273683989205704772e-22
-1.716316120885127697e-19 6.280334501427847645e-20 1.613232847247235063e-20 7.649893322837489068e-21 2.403284021800447578e-21 2.339327120878504000e-21 1.683210795258061526e-21 3.954325404621300293e-22 6.559094178052874494e-22 6.167096112470848819e-22 6.552564441051418844e-22 4.059273113279963665e-22 3.137631914911142958e-22 2.273683989205704772e-22 4.593691335029583661e-21
