2.247400074942073112e-13 -2.106059674106769798e-16 9.834977988901357004e-17 1.013310592525507604e-16 1.805859942295269168e-17 2.160665666044740677e-17 6.992307138060003609e-18 4.911045360103819637e-18 -3.738094125498309285e-19 3.658338236069250114e-19 -1.592597258681317097e-18 -2.397321631306497260e-18 -1.664715290243802595e-18 -1.190780924299462976e-18 -9.553557481889201626e-19
-2.106059674106769798e-16 1.091201299607039047e-16 -1.375832992544768037e-18 -8.223264711820266621e-19 -1.149193734817333212e-19 -1.624274840769182758e-19 -1.047245556911542131e-19 -6.294186126978298408e-20 8.011622333468881283e-20 7.396983566325022960e-20 -1.002300278039723804e-20 1.722284913107884426e-20 1.456159930501985069e-20 7.119767631865804462e-21 -1.255607587095893113e-20
9.834977988901357004e-17 -1.375832992544768037e-18 1.498689735805812997e-17 3.046047627153825200e-19 2.651238179543509562e-19 5.492542672162112621e-20 6.457806764501573838e-20 1.530584975297250761e-20 -7.471653594690432695e-21 -7.214041216638261175e-21 -7.246862284507314160e-21 -1.594555469860519753e-21 -8.001228812764652728e-22 2.044138414304276906e-21 9.727670397853589894e-22
1.013310592525507604e-16 -8.223264711820266621e-19 3.046047627153825200e-19 3.723810378933944097e-18 7.395755210122299556e-20 -9.589353737909272698e-21 2.596153771857219495e-20 1.188612263144091220e-20 -8.163100596263417375e-21 3.376260227314689724e-21 -8.781585158441474459e-21 -1.971753007529646761e-22 -6.861311249925382358e-21 -5.351784953852446729e-22 -2.587197299536442409e-21
1.805859942295269168e-17 -1.149193734817333212e-19 2.651238179543509562e-19 7.395755210122299556e-20 1.314650527001428541e-18 1.662357804336146616e-21 2.400962964304530510e-20 -1.137670669746448752e-21 7.575099495062049282e-21 6.271764297085026149e-21 3.748116880876580219e-21 2.182247040475777565e-21 -6.181225181231165118e-21 9.060447438640444441e-22 1.089881482800685540e-21
2.160665666044740677e-17 -1.624274840769182758e-19 5.492542672162112621e-20 -9.589353737909272698e-21 1.662357804336146616e-21 5.835212972296785787e-19 8.935980053215791183e-21 5.714248205485026391e-22 -2.889072463113991716e-21 -1.628813347822811465e-21 8.223659305562302559e-22 4.506703425422825560e-22 3.651236954843362788e-22 -3.130789249811053914e-22 5.816497173114017994e-22
6.992307138060003609e-18 -1.047245556911542131e-19 6.457806764501573838e-20 2.596153771857219495e-20 2.400962964304530510e-20 8.935980053215791183e-21 2.674300334844370968e-19 2.933738028444042404e-21 2.939743541978682996e-21 2.388985127233287039e-22 -6.594952484855282192e-24 -1.829044765385331229e-21 -4.577803210183714738e-23 -3.228556157700254538e-22 4.334731727704411057e-22
4.911045360103819637e-18 -6.294186126978298408e-20 1.530584975297250761e-20 1.188612263144091220e-20 -1.137670669746448752e-21 5.714248205485026391e-22 2.933738028444042404e-21 1.340501995888964155e-19 2.975008217261345619e-21 2.226257651487685551e-21 -9.411052472408215818e-22 6.374543002570971667e-22 -5.183333831055118578e-22 -2.331862575232123498e-22 -5.814433475110787050e-22
-3.738094125498309285e-19 8.011622333468881283e-20 -7.471653594690432695e-21 -8.163100596263417375e-21 7.575099495062049282e-21 -2.889072463113991716e-21 2.939743541978682996e-21 2.975008217261345619e-21 7.385350959586151663e-20 6.148891957618558020e-22 -5.754207568711771221e-22 4.407987566455941662e-22 -3.046730870948524771e-22 5.249328990171639707e-22 -5.994491397488694031e-22
3.658338236069250114e-19 7.396983566325022960e-20 -7.214041216638261175e-21 3.376260227314689724e-21 6.271764297085026149e-21 -1.628813347822811465e-21 2.388985127233287039e-22 2.226257651487685551e-21 6.148891957618558020e-22 3.972281940871264943e-20 -3.360040063963577197e-22 2.268440088919372419e-22 1.484555769025537959e-22 -2.941057560449789776e-22 -2.842100675295687379e-22
-1.592597258681317097e-18 -1.002300278039723804e-20 -7.246862284507314160e-21 -8.781585158441474459e-21 3.748116880876580219e-21 8.223659305562302559e-22 -6.594952484855282192e-24 -9.411052472408215818e-22 -5.754207568711771221e-22 -3.360040063963577197e-22 2.425763783403567800e-20 8.088551224955836305e-22 2.029637312817009776e-22 2.306963622123904906e-22 -1.918581519723186841e-22
-2.397321631306497260e-18 1.722284913107884426e-20 -1.594555469860519753e-21 -1.971753007529646761e-22 2.182247040475777565e-21 4.506703425422825560e-22 -1.829044765385331229e-21 6.374543002570971667e-22 4.407987566455941662e-22 2.268440088919372419e-22 8.088551224955836305e-22 1.522674432792733250e-20 5.309317757932263413e-23 1.193414547126359409e-22 6.494128077479258114e-23
-1.664715290243802595e-18 1.456159930501985069e-20 -8.001228812764652728e-22 -6.861311249925382358e-21 -6.181225181231165118e-21 3.651236954843362788e-22 -4.577803210183714738e-23 -5.183333831055118578e-22 -3.046730870948524771e-22 1.484555769025537959e-22 2.029637312817009776e-22 5.309317757932263413e-23 9.342068108419997922e-21 1.894743202766895379e-22 1.752551675793214605e-22
-1.190780924299462976e-18 7.119767631865804462e-21 2.044138414304276906e-21 -5.351784953852446729e-22 9.060447438640444441e-22 -3.130789249811053914e-22 -3.228556157700254538e-22 -2.331862575232123498e-22 5.249328990171639707e-22 -2.941057560449789776e-22 2.306963622123904906e-22 1.193414547126359409e-22 1.894743202766895379e-22 6.046526464843626320e-21 6.933880305695918505e-25
-9.553557481889201626e-19 -1.255607587095893113e-20 9.727670397853589894e-22 -2.587197299536442409e-21 1.089881482800685540e-21 5.816497173114017994e-22 4.334731727704411057e-22 -5.814433475110787050e-22 -5.994491397488694031e-22 -2.842100675295687379e-22 -1.918581519723186841e-22 6.494128077479258114e-23 1.752551675793214605e-22 6.933880305695918505e-25 4.307290975914802294e-21
