1.316508528611569660e-14 -1.150623540220935438e-16 -3.545860141833146018e-17 -9.135871862779037453e-18 -5.630858126670496601e-18 -3.547933546757736461e-18 -1.909128735993387458e-18 -3.852848689485324892e-19 -5.257321228842835618e-19 3.088982760300486208e-19 -7.835166126768972708e-19 -2.702073706776762325e-19 -5.746899750615238077e-19 1.063286911864498509e-19 -4.070920923952409255e-19
-1.150623540220935438e-16 5.014445729168984406e-17 2.116786462636340296e-18 9.536600659289631565e-19 5.216074927690158854e-19 2.938705820035884480e-19 9.171006097668702007e-20 1.076064600357391762e-19 7.723290297438969343e-20 7.555976790371936367e-20 8.516937281094454183e-21 3.340192061647963585e-20 2.772169362625142322e-20 3.093537720954728718e-20 2.055196059912917792e-20
-3.545860141833146018e-17 2.116786462636340296e-18 5.680069634623968919e-18 4.008041996057641607e-19 2.299363906305889060e-19 1.015159134558759607e-19 4.681428247485040864e-20 3.737077289817341770e-20 1.700060147790540181e-20 1.023457857584474124e-20 1.396353969747246262e-20 3.498368589220764166e-21 9.789694737802180588e-21 1.088873363658184925e-20 8.315830538708219589e-21
-9.135871862779037453e-18 9.536600659289631565e-19 4.008041996057641607e-19 1.435132825800973746e-18 6.348136069665115378e-20 4.625623300668460304e-20 7.620397399692224450e-21 5.442604485271527365e-21 1.135783074274082707e-20 1.001339394805737006e-20 4.945110068182449478e-21 3.152796445476754367e-21 2.108310003413605514e-21 4.030762515895348353e-21 1.615284311989314297e-21
-5.630858126670496601e-18 5.216074927690158854e-19 2.299363906305889060e-19 6.348136069665115378e-20 5.058901599179737164e-19 2.693673362792311503e-20 5.719867250772815242e-21 4.289929852535704355e-21 5.754659628272068039e-21 3.867250963644659270e-21 3.420940870418666747e-21 2.667358621512783914e-22 1.205174562862673800e-21 7.796448156094562874e-22 7.739000305631823395e-22
-3.547933546757736461e-18 2.938705820035884480e-19 1.015159134558759607e-19 4.625623300668460304e-20 2.693673362792311503e-20 2.276975702947053164e-19 6.617988074340288864e-21 3.147574922666483549e-21 3.580751419155416129e-21 1.209857492206025875e-21 -4.954227727302978989e-22 8.739920628536361492e-22 -5.872129489533887191e-22 9.985678037187725125e-22 -3.217585867309149177e-22
-1.909128735993387458e-18 9.171006097668702007e-20 4.681428247485040864e-20 7.620397399692224450e-21 5.719867250772815242e-21 6.617988074340288864e-21 1.141196353361663699e-19 -1.255062412204208685e-21 3.093380934571232984e-21 -1.722173013806376058e-22 -5.556868882376992376e-22 -6.246075605797607064e-22 5.800987347464469745e-22 4.904613909483790771e-22 2.979904344911089137e-24
-3.852848689485324892e-19 1.076064600357391762e-19 3.737077289817341770e-20 5.442604485271527365e-21 4.289929852535704355e-21 3.147574922666483549e-21 -1.255062412204208685e-21 6.444686263144602109e-20 7.043386732734158563e-22 -1.026927202231792171e-22 1.033411395025190350e-21 4.047322982848232197e-22 2.242028353605914486e-22 2.722712993071529542e-22 1.806013585247663594e-22
-5.257321228842835618e-19 7.723290297438969343e-20 1.700060147790540181e-20 1.135783074274082707e-20 5.754659628272068039e-21 3.580751419155416129e-21 3.093380934571232984e-21 7.043386732734158563e-22 4.191582728312849433e-20 1.307660960417276387e-21 -6.512767755424313202e-22 -3.183663262693759355e-22 5.023487564083666567e-22 2.797013847331088456e-23 -1.196439406168910121e-23
3.088982760300486208e-19 7.555976790371936367e-20 1.023457857584474124e-20 1.001339394805737006e-20 3.867250963644659270e-21 1.209857492206025875e-21 -1.722173013806376058e-22 -1.026927202231792171e-22 1.307660960417276387e-21 2.565535635971826757e-20 1.845345846488602209e-22 -1.392964536274828947e-22 2.476103788229171481e-22 3.881806739349102992e-22 2.943668217375020353e-22
-7.835166126768972708e-19 8.516937281094454183e-21 1.396353969747246262e-20 4.945110068182449478e-21 3.420940870418666747e-21 -4.954227727302978989e-22 -5.556868882376992376e-22 1.033411395025190350e-21 -6.512767755424313202e-22 1.845345846488602209e-22 1.656030782255272883e-20 1.277251000423661408e-22 1.338745135858121169e-22 1.781093848500312143e-22 2.146883483516447230e-22
-2.702073706776762325e-19 3.340192061647963585e-20 3.498368589220764166e-21 3.152796445476754367e-21 2.667358621512783914e-22 8.739920628536361492e-22 -6.246075605797607064e-22 4.047322982848232197e-22 -3.183663262693759355e-22 -1.392964536274828947e-22 1.277251000423661408e-22 1.067930468986000121e-20 -1.005521835241225124e-22 1.467533277563034689e-22 1.809466539432315648e-22
-5.746899750615238077e-19 2.772169362625142322e-20 9.789694737802180588e-21 2.108310003413605514e-21 1.205174562862673800e-21 -5.872129489533887191e-22 5.800987347464469745e-22 2.242028353605914486e-22 5.023487564083666567e-22 2.476103788229171481e-22 1.338745135858121169e-22 -1.005521835241225124e-22 7.495502461682225661e-21 9.719586648488616676e-23 2.463260864101058486e-22
1.063286911864498509e-19 3.093537720954728718e-20 1.088873363658184925e-20 4.030762515895348353e-21 7.796448156094562874e-22 9.985678037187725125e-22 4.904613909483790771e-22 2.722712993071529542e-22 2.797013847331088456e-23 3.881806739349102992e-22 1.781093848500312143e-22 1.467533277563034689e-22 9.719586648488616676e-23 5.315115807631557020e-21 1.650279016562551402e-22
-4.070920923952409255e-19 2.055196059912917792e-20 8.315830538708219589e-21 1.615284311989314297e-21 7.739000305631823395e-22 -3.217585867309149177e-22 2.979904344911089137e-24 1.806013585247663594e-22 -1.196439406168910121e-23 2.943668217375020353e-22 2.146883483516447230e-22 1.809466539432315648e-22 2.463260864101058486e-22 1.650279016562551402e-22 4.124638313744660424e-21
