1.292511162978818857e-13 -4.457600813022911782e-16 -1.762289263557094341e-16 -1.007599480296402198e-16 -1.606287448288884775e-17 -6.879115595344259671e-19 -9.790591233013870431e-18 2.307860124689887799e-20 3.786591057722111174e-18 5.682571738098132376e-18 5.429696299250341014e-19 1.378165908973054868e-18 -4.854667517259058397e-19 -3.077819064205069923e-20 -3.690046643835562956e-19
-4.457600813022911782e-16 1.949992004659980926e-16 1.181466446062654128e-17 5.600821832676155078e-18 2.282167809145135669e-18 5.783167233249853486e-19 -6.096474010440679577e-20 -1.746740216535189449e-19 -6.364947362750801667e-21 -1.801367880673945990e-19 -2.109705744113760344e-19 -1.220387529165205385e-19 4.382328137077495938e-20 3.044473823728236006e-20 5.181347498383214014e-20
-1.762289263557094341e-16 1.181466446062654128e-17 2.548322771873870886e-17 1.671658520329512300e-18 5.608692736949334719e-19 7.578699181706630183e-21 2.312900264786839875e-20 -9.792954593185819937e-20 -5.017161404015604695e-20 -4.929219895703034650e-20 7.129700084029303667e-20 -2.075771650932667185e-20 -5.728120755706980199e-21 1.309263033887715751e-20 -1.584641971964508702e-21
-1.007599480296402198e-16 5.600821832676155078e-18 1.671658520329512300e-18 6.588019235182999873e-18 2.783539055352029606e-19 1.343855501469089963e-19 3.606249664195522302e-21 -6.346996786635368357e-21 -7.863844329414909565e-21 -1.171017161504722177e-20 -8.193633518005334363e-21 5.028479575900556145e-21 5.352786817699543834e-22 7.092500747969008947e-22 -4.454487345614371579e-21
-1.606287448288884775e-17 2.282167809145135669e-18 5.608692736949334719e-19 2.783539055352029606e-19 2.589810198895735008e-18 2.321474003842407943e-20 -3.297010728888526566e-20 -1.126820297107107395e-20 -1.223087744252776301e-20 -3.648790410880709362e-21 2.063009204216272040e-21 -2.114174463857798831e-21 -1.359819630484596992e-21 -6.491745429671615492e-21 2.850522379110215485e-22
-6.879115595344259671e-19 5.783167233249853486e-19 7.578699181706630183e-21 1.343855501469089963e-19 2.321474003842407943e-20 1.190604222823473813e-18 -2.435142182348200881e-20 -1.283642400426744777e-20 -4.714233385640219221e-21 4.308480648728159047e-21 1.072056202180123223e-21 -1.151689092035996767e-22 7.628953649338828767e-22 -1.510116718695979554e-21 4.754433563740583593e-21
-9.790591233013870431e-18 -6.096474010440679577e-20 2.312900264786839875e-20 3.606249664195522302e-21 -3.297010728888526566e-20 -2.435142182348200881e-20 5.663208090371157251e-19 -9.616832940989694682e-21 -5.148837528290055083e-21 -1.365901707807366462e-21 4.650822816779615260e-21 1.032393476252817809e-22 1.710979114223022240e-21 -1.790903548620930059e-22 3.327852585641381114e-22
2.307860124689887799e-20 -1.746740216535189449e-19 -9.792954593185819937e-20 -6.346996786635368357e-21 -1.126820297107107395e-20 -1.283642400426744777e-20 -9.616832940989694682e-21 2.954735944086107679e-19 -7.942193694974635336e-21 -4.919261025601011690e-22 -3.155237879610805560e-22 -1.033798244416277020e-22 -2.307279751272168041e-22 -2.409623370821575736e-22 -1.660761285779895762e-21
3.786591057722111174e-18 -6.364947362750801667e-21 -5.017161404015604695e-20 -7.863844329414909565e-21 -1.223087744252776301e-20 -4.714233385640219221e-21 -5.148837528290055083e-21 -7.942193694974635336e-21 1.755390049522286993e-19 2.989030638667946244e-22 -3.476526180802627783e-21 -6.640541208286898367e-22 1.562438797252562746e-21 4.044327151931193657e-22 -7.720583553854325924e-22
5.682571738098132376e-18 -1.801367880673945990e-19 -4.929219895703034650e-20 -1.171017161504722177e-20 -3.648790410880709362e-21 4.308480648728159047e-21 -1.365901707807366462e-21 -4.919261025601011690e-22 2.989030638667946244e-22 1.117425974301513004e-19 -1.089717272719009251e-21 9.631688851546415510e-22 9.938957421592615539e-22 1.229783609510647626e-21 3.297289932757341636e-22
5.429696299250341014e-19 -2.109705744113760344e-19 7.129700084029303667e-20 -8.193633518005334363e-21 2.063009204216272040e-21 1.072056202180123223e-21 4.650822816779615260e-21 -3.155237879610805560e-22 -3.476526180802627783e-21 -1.089717272719009251e-21 6.781892124880675586e-20 1.924909215714644351e-21 -4.802761032407432580e-22 -1.121789153995826831e-21 5.258055833689624868e-22
1.378165908973054868e-18 -1.220387529165205385e-19 -2.075771650932667185e-20 5.028479575900556145e-21 -2.114174463857798831e-21 -1.151689092035996767e-22 1.032393476252817809e-22 -1.033798244416277020e-22 -6.640541208286898367e-22 9.631688851546415510e-22 1.924909215714644351e-21 4.119171628713083797e-20 7.510492923701395291e-22 -6.919680852490470071e-23 -6.275162350324929935e-23
-4.854667517259058397e-19 4.382328137077495938e-20 -5.728120755706980199e-21 5.352786817699543834e-22 -1.359819630484596992e-21 7.628953649338828767e-22 1.710979114223022240e-21 -2.307279751272168041e-22 1.562438797252562746e-21 9.938957421592615539e-22 -4.802761032407432580e-22 7.510492923701395291e-22 2.619494397544382195e-20 -7.439981291289970228e-23 -2.749419107736852022e-22
-3.077819064205069923e-20 3.044473823728236006e-20 1.309263033887715751e-20 7.092500747969008947e-22 -6.491745429671615492e-21 -1.510116718695979554e-21 -1.790903548620930059e-22 -2.409623370821575736e-22 4.044327151931193657e-22 1.229783609510647626e-21 -1.121789153995826831e-21 -6.919680852490470071e-23 -7.439981291289970228e-23 1.902522768976498783e-20 -3.051353656395253853e-22
-3.690046643835562956e-19 5.181347498383214014e-20 -1.584641971964508702e-21 -4.454487345614371579e-21 2.850522379110215485e-22 4.754433563740583593e-21 3.327852585641381114e-22 -1.660761285779895762e-21 -7.720583553854325924e-22 3.297289932757341636e-22 5.258055833689624868e-22 -6.275162350324929935e-23 -2.749419107736852022e-22 -3.051353656395253853e-22 1.378700701269487132e-20
