2.536418519423270670e-14 5.805008108743511845e-17 -5.775058070113291544e-18 7.158501903305340521e-18 1.924030377506135917e-18 -2.710423865180137286e-18 -1.335229399177688239e-18 1.315992867009996062e-19 -5.665960316752306900e-19 -8.464342203349921780e-19 -4.896937429477535194e-19 7.793563427323875856e-19 -6.459425781742866719e-19 -2.812912873678796117e-19 -2.175159357054882142e-19
5.805008108743511845e-17 1.673914273572254539e-16 1.454357941446808778e-18 -8.521993754138804633e-20 4.990901573476417351e-19 5.411998753681125317e-20 6.051169289774495590e-20 1.839131514746990927e-20 4.036593553800998336e-20 -1.181214604961358903e-19 3.038646074917091754e-20 2.228026425370469792e-20 3.880749468342303868e-20 7.359807966858400319e-20 4.775222379103556691e-20
-5.775058070113291544e-18 1.454357941446808778e-18 1.956554032792477453e-17 -1.361442931634230283e-19 -6.405456329015496889e-20 7.598571560594313672e-20 -4.752535241418107247e-21 -1.506599109193871925e-20 -1.647525949885529405e-20 9.060559084073846457e-21 3.010340396177598742e-20 5.778094875527515215e-21 3.115937510698989746e-21 -3.402750729500059876e-23 5.022484273893304792e-21
7.158501903305340521e-18 -8.521993754138804633e-20 -1.361442931634230283e-19 4.752208730775748622e-18 -3.350890029613960717e-20 -1.537805308815202469e-20 -2.266181232883359020e-21 2.793200349967434826e-21 1.867367303290793062e-21 3.283963028761045085e-21 1.161865432323932795e-20 -9.885047054184885463e-21 9.284144811304329602e-21 3.342495057202767968e-21 -4.602150365207021636e-21
1.924030377506135917e-18 4.990901573476417351e-19 -6.405456329015496889e-20 -3.350890029613960717e-20 1.829854078423775184e-18 -8.927226573445811049e-22 -2.006928283132420586e-20 1.619931606568173783e-22 4.917252886609366182e-21 9.497835779377579945e-23 -8.103175293356830851e-21 3.269135355357148319e-21 1.391009973739049329e-21 2.024934491837108634e-21 -4.200886054014901225e-21
-2.710423865180137286e-18 5.411998753681125317e-20 7.598571560594313672e-20 -1.537805308815202469e-20 -8.927226573445811049e-22 8.117298391827728882e-19 1.687512029058950585e-20 -1.598757399426606525e-20 1.920527017471254327e-21 5.236371748197415672e-21 3.589670208344766223e-21 -2.188202044667133633e-21 2.354816279938075878e-21 -2.262618392252309890e-21 2.667601091015054615e-21
-1.335229399177688239e-18 6.051169289774495590e-20 -4.752535241418107247e-21 -2.266181232883359020e-21 -2.006928283132420586e-20 1.687512029058950585e-20 4.102641637522385840e-19 1.708801735594033207e-21 -3.732247153167747545e-21 2.353067278056647944e-21 -1.867310505420251734e-21 -3.840434707829020212e-22 -6.560570354687648369e-22 -8.646449894915162190e-22 -1.417639020020401584e-22
1.315992867009996062e-19 1.839131514746990927e-20 -1.506599109193871925e-20 2.793200349967434826e-21 1.619931606568173783e-22 -1.598757399426606525e-20 1.708801735594033207e-21 2.253908364352473052e-19 -2.630448943886318668e-21 -4.027357517745619824e-21 -2.893421819303895482e-21 -1.075774801154368768e-21 -2.174025293709039012e-21 7.897358391991325983e-22 1.366036853298313576e-21
-5.665960316752306900e-19 4.036593553800998336e-20 -1.647525949885529405e-20 1.867367303290793062e-21 4.917252886609366182e-21 1.920527017471254327e-21 -3.732247153167747545e-21 -2.630448943886318668e-21 1.308771208147135469e-19 -1.044410712181987037e-21 -1.130834881971390846e-22 1.606900991320562659e-21 1.135546857557484897e-21 1.211508274832372474e-21 4.603138323272058316e-23
-8.464342203349921780e-19 -1.181214604961358903e-19 9.060559084073846457e-21 3.283963028761045085e-21 9.497835779377579945e-23 5.236371748197415672e-21 2.353067278056647944e-21 -4.027357517745619824e-21 -1.044410712181987037e-21 8.266436350271344154e-20 -4.653836716013813674e-22 -2.529569041596119564e-21 -1.105883336832794900e-21 5.178786926923800938e-22 8.954785622261421470e-22
-4.896937429477535194e-19 3.038646074917091754e-20 3.010340396177598742e-20 1.161865432323932795e-20 -8.103175293356830851e-21 3.589670208344766223e-21 -1.867310505420251734e-21 -2.893421819303895482e-21 -1.130834881971390846e-22 -4.653836716013813674e-22 5.518895170692761387e-20 3.975321099427029536e-22 5.421694643012893786e-22 2.315594917147308818e-22 -1.907924239436502045e-22
7.793563427323875856e-19 2.228026425370469792e-20 5.778094875527515215e-21 -9.885047054184885463e-21 3.269135355357148319e-21 -2.188202044667133633e-21 -3.840434707829020212e-22 -1.075774801154368768e-21 1.606900991320562659e-21 -2.529569041596119564e-21 3.975321099427029536e-22 3.767656535396292328e-20 -1.300635952550866713e-21 2.367800661792422640e-22 -5.751748450716657411e-22
-6.459425781742866719e-19 3.880749468342303868e-20 3.115937510698989746e-21 9.284144811304329602e-21 1.391009973739049329e-21 2.354816279938075878e-21 -6.560570354687648369e-22 -2.174025293709039012e-21 1.135546857557484897e-21 -1.105883336832794900e-21 5.421694643012893786e-22 -1.300635952550866713e-21 2.741263643475777573e-20 -2.353879053347718175e-22 3.538184493649867854e-23
-2.812912873678796117e-19 7.359807966858400319e-20 -3.402750729500059876e-23 3.342495057202767968e-21 2.024934491837108634e-21 -2.262618392252309890e-21 -8.646449894915162190e-22 7.897358391991325983e-22 1.211508274832372474e-21 5.178786926923800938e-22 2.315594917147308818e-22 2.367800661792422640e-22 -2.353879053347718175e-22 1.945576908203186168e-20 -1.259343612900590765e-22
-2.175159357054882142e-19 4.775222379103556691e-20 5.022484273893304792e-21 -4.602150365207021636e-21 -4.200886054014901225e-21 2.667601091015054615e-21 -1.417639020020401584e-22 1.366036853298313576e-21 4.603138323272058316e-23 8.954785622261421470e-22 -1.907924239436502045e-22 -5.751748450716657411e-22 3.538184493649867854e-23 -1.259343612900590765e-22 1.459107830229394397e-20
