2.529050327956146242e-14 -6.950391386380095654e-17 -3.189252394175819233e-18 -3.638171337533256395e-17 -2.013202166287046729e-17 -1.387000933983738874e-17 -7.178046795164571512e-18 -1.907537371776852731e-18 -1.729210280721507346e-18 -8.084921738176384614e-19 -2.988959390394389106e-19 -5.909985536579446947e-19 -7.400480650061945521e-20 -3.580055948251585342e-19 9.629511011432688670e-19
-6.950391386380095654e-17 2.491882379734292360e-16 3.573265039856875925e-19 7.083827468922242688e-19 1.982622437163749458e-21 3.122877026794857245e-19 -1.254716434569554032e-19 8.824613889933920392e-20 3.169521208101969906e-19 -4.351417762793523415e-20 -1.373968484440774668e-19 -7.242161280582283746e-20 -3.129000773889552654e-20 3.168176305315860376e-20 -1.992469729761112113e-20
-3.189252394175819233e-18 3.573265039856875925e-19 2.876349786306304728e-17 -1.798305394393471251e-19 3.137124101600762853e-20 -3.081132713194796373e-20 -2.158557837938725697e-20 -3.130229429449486455e-20 1.727962527244413916e-20 1.497233009581661756e-20 -1.580004242506188858e-20 1.987308471747326715e-20 5.660491106722633149e-21 -4.477763096615490460e-21 -1.844962766006919257e-20
-3.638171337533256395e-17 7.083827468922242688e-19 -1.798305394393471251e-19 7.434956035983701473e-18 1.374276948716300885e-19 7.711482465357778301e-20 -1.885609092470001351e-20 2.216216240169287960e-20 -1.877767771053142972e-20 9.554788158918144898e-21 -9.053407960962340691e-21 -1.417836029645868236e-20 3.785785849584129542e-22 1.971284591089674149e-21 -1.433896842502115567e-23
-2.013202166287046729e-17 1.982622437163749458e-21 3.137124101600762853e-20 1.374276948716300885e-19 2.733861855078773531e-18 4.301395257146313855e-20 2.815117312560214726e-20 2.068337049165179687e-20 -1.774406602004515330e-20 4.844983216373734868e-21 -9.378651691297047517e-21 -3.675341133359509484e-21 -9.219901068587468551e-23 -2.329843285190419890e-21 1.518132419850514070e-21
-1.387000933983738874e-17 3.122877026794857245e-19 -3.081132713194796373e-20 7.711482465357778301e-20 4.301395257146313855e-20 1.140224816723045935e-18 2.224986399212912950e-21 -1.069867568118885402e-21 7.699798993266397126e-21 -3.204013838848313363e-21 -5.322878161516297617e-21 -4.711713074826703916e-21 2.141195494477884262e-21 -5.600313184397819043e-21 -7.877784911903423370e-22
-7.178046795164571512e-18 -1.254716434569554032e-19 -2.158557837938725697e-20 -1.885609092470001351e-20 2.815117312560214726e-20 2.224986399212912950e-21 5.171271303269714983e-19 3.911429734256782423e-21 3.300695261082614272e-21 7.631692647253470842e-22 -9.189806525436617056e-21 -2.192192963566321402e-21 1.029154713185148594e-21 1.029773586493488739e-21 1.097727955561274049e-21
-1.907537371776852731e-18 8.824613889933920392e-20 -3.130229429449486455e-20 2.216216240169287960e-20 2.068337049165179687e-20 -1.069867568118885402e-21 3.911429734256782423e-21 2.762562804209147856e-19 6.091797810839638691e-21 -5.244275944882046792e-21 -4.522527186401854165e-22 1.288356371197756933e-22 1.435775221020013756e-21 7.100887652052417893e-22 9.865459199312390709e-22
-1.729210280721507346e-18 3.169521208101969906e-19 1.727962527244413916e-20 -1.877767771053142972e-20 -1.774406602004515330e-20 7.699798993266397126e-21 3.300695261082614272e-21 6.091797810839638691e-21 1.588652384812370798e-19 -1.950733315437581840e-21 1.799486715756870448e-21 7.795295379742780826e-22 -4.418492686405854291e-24 1.049040550269648941e-21 1.372057480898866830e-21
-8.084921738176384614e-19 -4.351417762793523415e-20 1.497233009581661756e-20 9.554788158918144898e-21 4.844983216373734868e-21 -3.204013838848313363e-21 7.631692647253470842e-22 -5.244275944882046792e-21 -1.950733315437581840e-21 9.407980744955660809e-20 6.486679973608594082e-22 1.474043662955628603e-21 1.056906492301375520e-21 -8.134500007697152493e-22 -8.238249192130974449e-22
-2.988959390394389106e-19 -1.373968484440774668e-19 -1.580004242506188858e-20 -9.053407960962340691e-21 -9.378651691297047517e-21 -5.322878161516297617e-21 -9.189806525436617056e-21 -4.522527186401854165e-22 1.799486715756870448e-21 6.486679973608594082e-22 6.034093021480565950e-20 6.086847805643208366e-22 4.543904355817471906e-24 -2.996628919366143726e-22 -1.204338607323879291e-22
-5.909985536579446947e-19 -7.242161280582283746e-20 1.987308471747326715e-20 -1.417836029645868236e-20 -3.675341133359509484e-21 -4.711713074826703916e-21 -2.192192963566321402e-21 1.288356371197756933e-22 7.795295379742780826e-22 1.474043662955628603e-21 6.086847805643208366e-22 3.966082031860961565e-20 -2.686415689775462718e-22 -9.767240664397220484e-22 -3.927707053413656297e-22
-7.400480650061945521e-20 -3.129000773889552654e-20 5.660491106722633149e-21 3.785785849584129542e-22 -9.219901068587468551e-23 2.141195494477884262e-21 1.029154713185148594e-21 1.435775221020013756e-21 -4.418492686405854291e-24 1.056906492301375520e-21 4.543904355817471906e-24 -2.686415689775462718e-22 2.641312461525816964e-20 1.298487788687883553e-22 -1.580044423031746984e-22
-3.580055948251585342e-19 3.168176305315860376e-20 -4.477763096615490460e-21 1.971284591089674149e-21 -2.329843285190419890e-21 -5.600313184397819043e-21 1.029773586493488739e-21 7.100887652052417893e-22 1.049040550269648941e-21 -8.134500007697152493e-22 -2.996628919366143726e-22 -9.767240664397220484e-22 1.298487788687883553e-22 1.897646723036926834e-20 -3.460950366288922088e-22
9.629511011432688670e-19 -1.992469729761112113e-20 -1.844962766006919257e-20 -1.433896842502115567e-23 1.518132419850514070e-21 -7.877784911903423370e-22 1.097727955561274049e-21 9.865459199312390709e-22 1.372057480898866830e-21 -8.238249192130974449e-22 -1.204338607323879291e-22 -3.927707053413656297e-22 -1.580044423031746984e-22 -3.460950366288922088e-22 1.358919732006463746e-20
