2.342586805963776466e-14 1.530362875836739790e-16 2.932585850946320771e-17 1.770299947982341397e-17 8.755062821048714105e-18 5.661766575439757880e-18 3.046177111739874700e-18 2.264308504565338019e-18 3.906719562442253266e-18 2.155127693893330967e-18 1.558521716328936547e-18 1.967314830765637182e-18 1.439709495948314977e-18 1.070121984290672696e-18 5.968166175251485368e-19
1.530362875836739790e-16 5.123114498093898163e-17 3.472506793982798012e-18 1.208776437147617141e-18 7.700890235766859950e-19 5.245606771560512839e-19 3.566069940072321318e-19 3.911509543381534567e-19 3.433999366406298078e-19 2.284846848588577614e-19 2.328701251738343161e-19 1.887784113256735166e-19 1.634448413920271531e-19 1.248765343658626344e-19 6.151220457137364930e-20
2.932585850946320771e-17 3.472506793982798012e-18 4.928117869639840690e-18 3.021905190012972312e-19 1.958898562519418488e-19 1.245930646098040735e-19 8.819392200003009320e-20 8.265459485473848490e-20 7.760060481604716543e-20 6.564705034905265306e-20 6.092667225317372876e-20 4.456064097686655598e-20 3.435400837037741861e-20 3.006133813276241337e-20 1.910942790731278475e-20
1.770299947982341397e-17 1.208776437147617141e-18 3.021905190012972312e-19 1.276303333511142193e-18 5.926643947455891412e-20 3.744959133300819573e-20 2.387101137186904062e-20 2.401399941817811525e-20 2.796079534533885281e-20 1.853106809708371099e-20 1.896294737958945681e-20 1.453002577671093072e-20 1.231168003230890343e-20 1.047463093095482534e-20 3.958361618141021876e-21
8.755062821048714105e-18 7.700890235766859950e-19 1.958898562519418488e-19 5.926643947455891412e-20 5.359278045384001046e-19 3.244056579941261693e-20 2.340017114518919099e-20 1.354955322686594078e-20 1.340655198754394316e-20 1.398597429645743413e-20 1.145842496545011931e-20 1.056632797078879268e-20 7.688142370628472221e-21 6.904421365109747088e-21 4.301275713903717788e-21
5.661766575439757880e-18 5.245606771560512839e-19 1.245930646098040735e-19 3.744959133300819573e-20 3.244056579941261693e-20 2.684505883429048845e-19 1.208405050255282274e-20 1.077515562439038257e-20 8.939623570421806804e-21 1.049744846160699623e-20 7.847134900512733528e-21 6.654139431162156151e-21 5.928586476198154682e-21 3.771102609701303126e-21 3.220633460423137323e-21
3.046177111739874700e-18 3.566069940072321318e-19 8.819392200003009320e-20 2.387101137186904062e-20 2.340017114518919099e-20 1.208405050255282274e-20 1.400495266761917571e-19 8.509567264594847464e-21 8.612294347096553188e-21 7.238298690239888053e-21 5.717866379350522120e-21 5.111541313762670254e-21 3.724716266916548865e-21 3.373321988904981667e-21 1.931077183586366511e-21
2.264308504565338019e-18 3.911509543381534567e-19 8.265459485473848490e-20 2.401399941817811525e-20 1.354955322686594078e-20 1.077515562439038257e-20 8.509567264594847464e-21 8.870271466582181884e-20 6.419308506478294463e-21 6.191073267194497602e-21 7.092846534120288500e-21 4.953472274538751334e-21 3.686210768398166078e-21 2.928653594344942914e-21 1.828890851956417409e-21
3.906719562442253266e-18 3.433999366406298078e-19 7.760060481604716543e-20 2.796079534533885281e-20 1.340655198754394316e-20 8.939623570421806804e-21 8.612294347096553188e-21 6.419308506478294463e-21 5.406460395431764450e-20 5.680274100261544444e-21 5.673460212499657762e-21 4.064889654379488591e-21 2.620816930529924771e-21 2.757633714240114260e-21 1.517039919234965434e-21
2.155127693893330967e-18 2.284846848588577614e-19 6.564705034905265306e-20 1.853106809708371099e-20 1.398597429645743413e-20 1.049744846160699623e-20 7.238298690239888053e-21 6.191073267194497602e-21 5.680274100261544444e-21 3.277216919975837569e-20 3.814416714764640339e-21 3.644989190792899398e-21 2.572601964573482282e-21 2.013666255600301958e-21 1.186051276764178840e-21
1.558521716328936547e-18 2.328701251738343161e-19 6.092667225317372876e-20 1.896294737958945681e-20 1.145842496545011931e-20 7.847134900512733528e-21 5.717866379350522120e-21 7.092846534120288500e-21 5.673460212499657762e-21 3.814416714764640339e-21 2.211398087581457340e-20 3.256374310100865439e-21 2.658585748349833955e-21 1.871832934085800772e-21 1.482100126685794287e-21
1.967314830765637182e-18 1.887784113256735166e-19 4.456064097686655598e-20 1.453002577671093072e-20 1.056632797078879268e-20 6.654139431162156151e-21 5.111541313762670254e-21 4.953472274538751334e-21 4.064889654379488591e-21 3.644989190792899398e-21 3.256374310100865439e-21 1.495310184652607547e-20 1.915140231520956669e-21 1.628780520902035934e-21 1.024332994440866613e-21
1.439709495948314977e-18 1.634448413920271531e-19 3.435400837037741861e-20 1.231168003230890343e-20 7.688142370628472221e-21 5.928586476198154682e-21 3.724716266916548865e-21 3.686210768398166078e-21 2.620816930529924771e-21 2.572601964573482282e-21 2.658585748349833955e-21 1.915140231520956669e-21 9.752630472317509036e-21 1.250124932899893594e-21 7.252832961796003841e-22
1.070121984290672696e-18 1.248765343658626344e-19 3.006133813276241337e-20 1.047463093095482534e-20 6.904421365109747088e-21 3.771102609701303126e-21 3.373321988904981667e-21 2.928653594344942914e-21 2.757633714240114260e-21 2.013666255600301958e-21 1.871832934085800772e-21 1.628780520902035934e-21 1.250124932899893594e-21 6.814188944531413466e-21 6.695332014044475589e-22
5.968166175251485368e-19 6.151220457137364930e-20 1.910942790731278475e-20 3.958361618141021876e-21 4.301275713903717788e-21 3.220633460423137323e-21 1.931077183586366511e-21 1.828890851956417409e-21 1.517039919234965434e-21 1.186051276764178840e-21 1.482100126685794287e-21 1.024332994440866613e-21 7.252832961796003841e-22 6.695332014044475589e-22 4.847523518334184533e-21
